Time: 0, 12500
RectFull: -1, #000000, 0, 0, 768, 432
Line: 0, #00FF00, 0, 216, 288, 216
Line: 0, #00FF00, 288, 216, 336, 108
Line: 0, #00FF00, 336, 108, 432, 324
Line: 0, #00FF00, 432, 324, 480, 216
Line: 0, #00FF00, 480, 216, 768, 216
Time: 433, 466
RectFull: 1, #000000, 0, 0, 7, 432
Time: 466, 499
RectFull: 1, #000000, 0, 0, 39, 432
Time: 499, 532
RectFull: 1, #000000, 0, 0, 71, 432
Time: 532, 565
RectFull: 1, #000000, 27, 0, 75, 432
Time: 565, 598
RectFull: 1, #000000, 59, 0, 75, 432
Time: 598, 631
RectFull: 1, #000000, 91, 0, 75, 432
Time: 631, 664
RectFull: 1, #000000, 123, 0, 75, 432
Time: 664, 697
RectFull: 1, #000000, 155, 0, 75, 432
Time: 697, 730
RectFull: 1, #000000, 187, 0, 75, 432
Time: 730, 763
RectFull: 1, #000000, 219, 0, 75, 432
Time: 763, 796
RectFull: 1, #000000, 251, 0, 75, 432
Time: 796, 829
RectFull: 1, #000000, 283, 0, 75, 432
Time: 829, 862
RectFull: 1, #000000, 315, 0, 75, 432
Time: 862, 895
RectFull: 1, #000000, 347, 0, 75, 432
Time: 895, 928
RectFull: 1, #000000, 379, 0, 75, 432
Time: 928, 961
RectFull: 1, #000000, 411, 0, 75, 432
Time: 961, 994
RectFull: 1, #000000, 443, 0, 75, 432
Time: 994, 1027
RectFull: 1, #000000, 474, 0, 75, 432
Time: 1027, 1060
RectFull: 1, #000000, 506, 0, 75, 432
Time: 1060, 1093
RectFull: 1, #000000, 538, 0, 75, 432
Time: 1093, 1126
RectFull: 1, #000000, 570, 0, 75, 432
Time: 1126, 1159
RectFull: 1, #000000, 602, 0, 75, 432
Time: 1159, 1192
RectFull: 1, #000000, 634, 0, 75, 432
Time: 1192, 1225
RectFull: 1, #000000, 666, 0, 75, 432
Time: 1225, 1258
RectFull: 1, #000000, 698, 0, 70, 432
Time: 1258, 1291
RectFull: 1, #000000, 730, 0, 38, 432
Time: 1291, 1324
RectFull: 1, #000000, 762, 0, 6, 432
Time: 1433, 1466
RectFull: 1, #000000, 0, 0, 7, 432
Time: 1466, 1499
RectFull: 1, #000000, 0, 0, 39, 432
Time: 1499, 1532
RectFull: 1, #000000, 0, 0, 71, 432
Time: 1532, 1565
RectFull: 1, #000000, 27, 0, 75, 432
Time: 1565, 1598
RectFull: 1, #000000, 59, 0, 75, 432
Time: 1598, 1631
RectFull: 1, #000000, 91, 0, 75, 432
Time: 1631, 1664
RectFull: 1, #000000, 123, 0, 75, 432
Time: 1664, 1697
RectFull: 1, #000000, 155, 0, 75, 432
Time: 1697, 1730
RectFull: 1, #000000, 187, 0, 75, 432
Time: 1730, 1763
RectFull: 1, #000000, 219, 0, 75, 432
Time: 1763, 1796
RectFull: 1, #000000, 251, 0, 75, 432
Time: 1796, 1829
RectFull: 1, #000000, 283, 0, 75, 432
Time: 1829, 1862
RectFull: 1, #000000, 315, 0, 75, 432
Time: 1862, 1895
RectFull: 1, #000000, 347, 0, 75, 432
Time: 1895, 1928
RectFull: 1, #000000, 379, 0, 75, 432
Time: 1928, 1961
RectFull: 1, #000000, 411, 0, 75, 432
Time: 1961, 1994
RectFull: 1, #000000, 443, 0, 75, 432
Time: 1994, 2027
RectFull: 1, #000000, 474, 0, 75, 432
Time: 2027, 2060
RectFull: 1, #000000, 506, 0, 75, 432
Time: 2060, 2093
RectFull: 1, #000000, 538, 0, 75, 432
Time: 2093, 2126
RectFull: 1, #000000, 570, 0, 75, 432
Time: 2126, 2159
RectFull: 1, #000000, 602, 0, 75, 432
Time: 2159, 2192
RectFull: 1, #000000, 634, 0, 75, 432
Time: 2192, 2225
RectFull: 1, #000000, 666, 0, 75, 432
Time: 2225, 2258
RectFull: 1, #000000, 698, 0, 70, 432
Time: 2258, 2291
RectFull: 1, #000000, 730, 0, 38, 432
Time: 2291, 2324
RectFull: 1, #000000, 762, 0, 6, 432
Time: 2433, 2466
RectFull: 1, #000000, 0, 0, 7, 432
Time: 2466, 2499
RectFull: 1, #000000, 0, 0, 39, 432
Time: 2499, 2532
RectFull: 1, #000000, 0, 0, 71, 432
Time: 2532, 2565
RectFull: 1, #000000, 27, 0, 75, 432
Time: 2565, 2598
RectFull: 1, #000000, 59, 0, 75, 432
Time: 2598, 2631
RectFull: 1, #000000, 91, 0, 75, 432
Time: 2631, 2664
RectFull: 1, #000000, 123, 0, 75, 432
Time: 2664, 2697
RectFull: 1, #000000, 155, 0, 75, 432
Time: 2697, 2730
RectFull: 1, #000000, 187, 0, 75, 432
Time: 2730, 2763
RectFull: 1, #000000, 219, 0, 75, 432
Time: 2763, 2796
RectFull: 1, #000000, 251, 0, 75, 432
Time: 2796, 2829
RectFull: 1, #000000, 283, 0, 75, 432
Time: 2829, 2862
RectFull: 1, #000000, 315, 0, 75, 432
Time: 2862, 2895
RectFull: 1, #000000, 347, 0, 75, 432
Time: 2895, 2928
RectFull: 1, #000000, 379, 0, 75, 432
Time: 2928, 2961
RectFull: 1, #000000, 411, 0, 75, 432
Time: 2961, 2994
RectFull: 1, #000000, 443, 0, 75, 432
Time: 2994, 3027
RectFull: 1, #000000, 474, 0, 75, 432
Time: 3027, 3060
RectFull: 1, #000000, 506, 0, 75, 432
Time: 3060, 3093
RectFull: 1, #000000, 538, 0, 75, 432
Time: 3093, 3126
RectFull: 1, #000000, 570, 0, 75, 432
Time: 3126, 3159
RectFull: 1, #000000, 602, 0, 75, 432
Time: 3159, 3192
RectFull: 1, #000000, 634, 0, 75, 432
Time: 3192, 3225
RectFull: 1, #000000, 666, 0, 75, 432
Time: 3225, 3258
RectFull: 1, #000000, 698, 0, 70, 432
Time: 3258, 3291
RectFull: 1, #000000, 730, 0, 38, 432
Time: 3291, 3324
RectFull: 1, #000000, 762, 0, 6, 432
Time: 3433, 3466
RectFull: 1, #000000, 0, 0, 7, 432
Time: 3466, 3499
RectFull: 1, #000000, 0, 0, 39, 432
Time: 3499, 3532
RectFull: 1, #000000, 0, 0, 71, 432
Time: 3532, 3565
RectFull: 1, #000000, 27, 0, 75, 432
Time: 3565, 3598
RectFull: 1, #000000, 59, 0, 75, 432
Time: 3598, 3631
RectFull: 1, #000000, 91, 0, 75, 432
Time: 3631, 3664
RectFull: 1, #000000, 123, 0, 75, 432
Time: 3664, 3697
RectFull: 1, #000000, 155, 0, 75, 432
Time: 3697, 3730
RectFull: 1, #000000, 187, 0, 75, 432
Time: 3730, 3763
RectFull: 1, #000000, 219, 0, 75, 432
Time: 3763, 3796
RectFull: 1, #000000, 251, 0, 75, 432
Time: 3796, 3829
RectFull: 1, #000000, 283, 0, 75, 432
Time: 3829, 3862
RectFull: 1, #000000, 315, 0, 75, 432
Time: 3862, 3895
RectFull: 1, #000000, 347, 0, 75, 432
Time: 3895, 3928
RectFull: 1, #000000, 379, 0, 75, 432
Time: 3928, 3961
RectFull: 1, #000000, 411, 0, 75, 432
Time: 3961, 3994
RectFull: 1, #000000, 443, 0, 75, 432
Time: 3994, 4027
RectFull: 1, #000000, 474, 0, 75, 432
Time: 4027, 4060
RectFull: 1, #000000, 506, 0, 75, 432
Time: 4060, 4093
RectFull: 1, #000000, 538, 0, 75, 432
Time: 4093, 4126
RectFull: 1, #000000, 570, 0, 75, 432
Time: 4126, 4159
RectFull: 1, #000000, 602, 0, 75, 432
Time: 4159, 4192
RectFull: 1, #000000, 634, 0, 75, 432
Time: 4192, 4225
RectFull: 1, #000000, 666, 0, 75, 432
Time: 4225, 4258
RectFull: 1, #000000, 698, 0, 70, 432
Time: 4258, 4291
RectFull: 1, #000000, 730, 0, 38, 432
Time: 4291, 4324
RectFull: 1, #000000, 762, 0, 6, 432
Time: 4433, 4466
RectFull: 1, #000000, 0, 0, 7, 432
Time: 4466, 4499
RectFull: 1, #000000, 0, 0, 39, 432
Time: 4499, 4532
RectFull: 1, #000000, 0, 0, 71, 432
Time: 4532, 4565
RectFull: 1, #000000, 27, 0, 75, 432
Time: 4565, 4598
RectFull: 1, #000000, 59, 0, 75, 432
Time: 4598, 4631
RectFull: 1, #000000, 91, 0, 75, 432
Time: 4631, 4664
RectFull: 1, #000000, 123, 0, 75, 432
Time: 4664, 4697
RectFull: 1, #000000, 155, 0, 75, 432
Time: 4697, 4730
RectFull: 1, #000000, 187, 0, 75, 432
Time: 4730, 4763
RectFull: 1, #000000, 219, 0, 75, 432
Time: 4763, 4796
RectFull: 1, #000000, 251, 0, 75, 432
Time: 4796, 4829
RectFull: 1, #000000, 283, 0, 75, 432
Time: 4829, 4862
RectFull: 1, #000000, 315, 0, 75, 432
Time: 4862, 4895
RectFull: 1, #000000, 347, 0, 75, 432
Time: 4895, 4928
RectFull: 1, #000000, 379, 0, 75, 432
Time: 4928, 4961
RectFull: 1, #000000, 411, 0, 75, 432
Time: 4961, 4994
RectFull: 1, #000000, 443, 0, 75, 432
Time: 4994, 5027
RectFull: 1, #000000, 474, 0, 75, 432
Time: 5027, 5060
RectFull: 1, #000000, 506, 0, 75, 432
Time: 5060, 5093
RectFull: 1, #000000, 538, 0, 75, 432
Time: 5093, 5126
RectFull: 1, #000000, 570, 0, 75, 432
Time: 5126, 5159
RectFull: 1, #000000, 602, 0, 75, 432
Time: 5159, 5192
RectFull: 1, #000000, 634, 0, 75, 432
Time: 5192, 5225
RectFull: 1, #000000, 666, 0, 75, 432
Time: 5225, 5258
RectFull: 1, #000000, 698, 0, 70, 432
Time: 5258, 5291
RectFull: 1, #000000, 730, 0, 38, 432
Time: 5291, 5324
RectFull: 1, #000000, 762, 0, 6, 432
Time: 5433, 5466
RectFull: 1, #000000, 0, 0, 7, 432
Time: 5466, 5499
RectFull: 1, #000000, 0, 0, 39, 432
Time: 5499, 5532
RectFull: 1, #000000, 0, 0, 71, 432
Time: 5532, 5565
RectFull: 1, #000000, 27, 0, 75, 432
Time: 5565, 5598
RectFull: 1, #000000, 59, 0, 75, 432
Time: 5598, 5631
RectFull: 1, #000000, 91, 0, 75, 432
Time: 5631, 5664
RectFull: 1, #000000, 123, 0, 75, 432
Time: 5664, 5697
RectFull: 1, #000000, 155, 0, 75, 432
Time: 5697, 5730
RectFull: 1, #000000, 187, 0, 75, 432
Time: 5730, 5763
RectFull: 1, #000000, 219, 0, 75, 432
Time: 5763, 5796
RectFull: 1, #000000, 251, 0, 75, 432
Time: 5796, 5829
RectFull: 1, #000000, 283, 0, 75, 432
Time: 5829, 5862
RectFull: 1, #000000, 315, 0, 75, 432
Time: 5862, 5895
RectFull: 1, #000000, 347, 0, 75, 432
Time: 5895, 5928
RectFull: 1, #000000, 379, 0, 75, 432
Time: 5928, 5961
RectFull: 1, #000000, 411, 0, 75, 432
Time: 5961, 5994
RectFull: 1, #000000, 443, 0, 75, 432
Time: 5994, 6027
RectFull: 1, #000000, 474, 0, 75, 432
Time: 6027, 6060
RectFull: 1, #000000, 506, 0, 75, 432
Time: 6060, 6093
RectFull: 1, #000000, 538, 0, 75, 432
Time: 6093, 6126
RectFull: 1, #000000, 570, 0, 75, 432
Time: 6126, 6159
RectFull: 1, #000000, 602, 0, 75, 432
Time: 6159, 6192
RectFull: 1, #000000, 634, 0, 75, 432
Time: 6192, 6225
RectFull: 1, #000000, 666, 0, 75, 432
Time: 6225, 6258
RectFull: 1, #000000, 698, 0, 70, 432
Time: 6258, 6291
RectFull: 1, #000000, 730, 0, 38, 432
Time: 6291, 6324
RectFull: 1, #000000, 762, 0, 6, 432
Time: 6433, 6466
RectFull: 1, #000000, 0, 0, 7, 432
Time: 6466, 6499
RectFull: 1, #000000, 0, 0, 39, 432
Time: 6499, 6532
RectFull: 1, #000000, 0, 0, 71, 432
Time: 6532, 6565
RectFull: 1, #000000, 27, 0, 75, 432
Time: 6565, 6598
RectFull: 1, #000000, 59, 0, 75, 432
Time: 6598, 6631
RectFull: 1, #000000, 91, 0, 75, 432
Time: 6631, 6664
RectFull: 1, #000000, 123, 0, 75, 432
Time: 6664, 6697
RectFull: 1, #000000, 155, 0, 75, 432
Time: 6697, 6730
RectFull: 1, #000000, 187, 0, 75, 432
Time: 6730, 6763
RectFull: 1, #000000, 219, 0, 75, 432
Time: 6763, 6796
RectFull: 1, #000000, 251, 0, 75, 432
Time: 6796, 6829
RectFull: 1, #000000, 283, 0, 75, 432
Time: 6829, 6862
RectFull: 1, #000000, 315, 0, 75, 432
Time: 6862, 6895
RectFull: 1, #000000, 347, 0, 75, 432
Time: 6895, 6928
RectFull: 1, #000000, 379, 0, 75, 432
Time: 6928, 6961
RectFull: 1, #000000, 411, 0, 75, 432
Time: 6961, 6994
RectFull: 1, #000000, 443, 0, 75, 432
Time: 6994, 7027
RectFull: 1, #000000, 474, 0, 75, 432
Time: 7027, 7060
RectFull: 1, #000000, 506, 0, 75, 432
Time: 7060, 7093
RectFull: 1, #000000, 538, 0, 75, 432
Time: 7093, 7126
RectFull: 1, #000000, 570, 0, 75, 432
Time: 7126, 7159
RectFull: 1, #000000, 602, 0, 75, 432
Time: 7159, 7192
RectFull: 1, #000000, 634, 0, 75, 432
Time: 7192, 7225
RectFull: 1, #000000, 666, 0, 75, 432
Time: 7225, 7258
RectFull: 1, #000000, 698, 0, 70, 432
Time: 7258, 7291
RectFull: 1, #000000, 730, 0, 38, 432
Time: 7291, 7324
RectFull: 1, #000000, 762, 0, 6, 432
Time: 7433, 7466
RectFull: 1, #000000, 0, 0, 7, 432
Time: 7466, 7499
RectFull: 1, #000000, 0, 0, 39, 432
Time: 7499, 7532
RectFull: 1, #000000, 0, 0, 71, 432
Time: 7532, 7565
RectFull: 1, #000000, 27, 0, 75, 432
Time: 7565, 7598
RectFull: 1, #000000, 59, 0, 75, 432
Time: 7598, 7631
RectFull: 1, #000000, 91, 0, 75, 432
Time: 7631, 7664
RectFull: 1, #000000, 123, 0, 75, 432
Time: 7664, 7697
RectFull: 1, #000000, 155, 0, 75, 432
Time: 7697, 7730
RectFull: 1, #000000, 187, 0, 75, 432
Time: 7730, 7763
RectFull: 1, #000000, 219, 0, 75, 432
Time: 7763, 7796
RectFull: 1, #000000, 251, 0, 75, 432
Time: 7796, 7829
RectFull: 1, #000000, 283, 0, 75, 432
Time: 7829, 7862
RectFull: 1, #000000, 315, 0, 75, 432
Time: 7862, 7895
RectFull: 1, #000000, 347, 0, 75, 432
Time: 7895, 7928
RectFull: 1, #000000, 379, 0, 75, 432
Time: 7928, 7961
RectFull: 1, #000000, 411, 0, 75, 432
Time: 7961, 7994
RectFull: 1, #000000, 443, 0, 75, 432
Time: 7994, 8027
RectFull: 1, #000000, 474, 0, 75, 432
Time: 8027, 8060
RectFull: 1, #000000, 506, 0, 75, 432
Time: 8060, 8093
RectFull: 1, #000000, 538, 0, 75, 432
Time: 8093, 8126
RectFull: 1, #000000, 570, 0, 75, 432
Time: 8126, 8159
RectFull: 1, #000000, 602, 0, 75, 432
Time: 8159, 8192
RectFull: 1, #000000, 634, 0, 75, 432
Time: 8192, 8225
RectFull: 1, #000000, 666, 0, 75, 432
Time: 8225, 8258
RectFull: 1, #000000, 698, 0, 70, 432
Time: 8258, 8291
RectFull: 1, #000000, 730, 0, 38, 432
Time: 8291, 8324
RectFull: 1, #000000, 762, 0, 6, 432
Time: 8433, 8466
RectFull: 1, #000000, 0, 0, 7, 432
Time: 8466, 8499
RectFull: 1, #000000, 0, 0, 39, 432
Time: 8499, 8532
RectFull: 1, #000000, 0, 0, 71, 432
Time: 8532, 8565
RectFull: 1, #000000, 27, 0, 75, 432
Time: 8565, 8598
RectFull: 1, #000000, 59, 0, 75, 432
Time: 8598, 8631
RectFull: 1, #000000, 91, 0, 75, 432
Time: 8631, 8664
RectFull: 1, #000000, 123, 0, 75, 432
Time: 8664, 8697
RectFull: 1, #000000, 155, 0, 75, 432
Time: 8697, 8730
RectFull: 1, #000000, 187, 0, 75, 432
Time: 8730, 8763
RectFull: 1, #000000, 219, 0, 75, 432
Time: 8763, 8796
RectFull: 1, #000000, 251, 0, 75, 432
Time: 8796, 8829
RectFull: 1, #000000, 283, 0, 75, 432
Time: 8829, 8862
RectFull: 1, #000000, 315, 0, 75, 432
Time: 8862, 8895
RectFull: 1, #000000, 347, 0, 75, 432
Time: 8895, 8928
RectFull: 1, #000000, 379, 0, 75, 432
Time: 8928, 8961
RectFull: 1, #000000, 411, 0, 75, 432
Time: 8961, 8994
RectFull: 1, #000000, 443, 0, 75, 432
Time: 8994, 9027
RectFull: 1, #000000, 474, 0, 75, 432
Time: 9027, 9060
RectFull: 1, #000000, 506, 0, 75, 432
Time: 9060, 9093
RectFull: 1, #000000, 538, 0, 75, 432
Time: 9093, 9126
RectFull: 1, #000000, 570, 0, 75, 432
Time: 9126, 9159
RectFull: 1, #000000, 602, 0, 75, 432
Time: 9159, 9192
RectFull: 1, #000000, 634, 0, 75, 432
Time: 9192, 9225
RectFull: 1, #000000, 666, 0, 75, 432
Time: 9225, 9258
RectFull: 1, #000000, 698, 0, 70, 432
Time: 9258, 9291
RectFull: 1, #000000, 730, 0, 38, 432
Time: 9291, 9324
RectFull: 1, #000000, 762, 0, 6, 432
Time: 9433, 9466
RectFull: 1, #000000, 0, 0, 7, 432
Time: 9466, 9499
RectFull: 1, #000000, 0, 0, 39, 432
Time: 9499, 9532
RectFull: 1, #000000, 0, 0, 71, 432
Time: 9532, 9565
RectFull: 1, #000000, 27, 0, 75, 432
Time: 9565, 9598
RectFull: 1, #000000, 59, 0, 75, 432
Time: 9598, 9631
RectFull: 1, #000000, 91, 0, 75, 432
Time: 9631, 9664
RectFull: 1, #000000, 123, 0, 75, 432
Time: 9664, 9697
RectFull: 1, #000000, 155, 0, 75, 432
Time: 9697, 9730
RectFull: 1, #000000, 187, 0, 75, 432
Time: 9730, 9763
RectFull: 1, #000000, 219, 0, 75, 432
Time: 9763, 9796
RectFull: 1, #000000, 251, 0, 75, 432
Time: 9796, 9829
RectFull: 1, #000000, 283, 0, 75, 432
Time: 9829, 9862
RectFull: 1, #000000, 315, 0, 75, 432
Time: 9862, 9895
RectFull: 1, #000000, 347, 0, 75, 432
Time: 9895, 9928
RectFull: 1, #000000, 379, 0, 75, 432
Time: 9928, 9961
RectFull: 1, #000000, 411, 0, 75, 432
Time: 9961, 9994
RectFull: 1, #000000, 443, 0, 75, 432
Time: 9994, 10027
RectFull: 1, #000000, 474, 0, 75, 432
Time: 10027, 10060
RectFull: 1, #000000, 506, 0, 75, 432
Time: 10060, 10093
RectFull: 1, #000000, 538, 0, 75, 432
Time: 10093, 10126
RectFull: 1, #000000, 570, 0, 75, 432
Time: 10126, 10159
RectFull: 1, #000000, 602, 0, 75, 432
Time: 10159, 10192
RectFull: 1, #000000, 634, 0, 75, 432
Time: 10192, 10225
RectFull: 1, #000000, 666, 0, 75, 432
Time: 10225, 10258
RectFull: 1, #000000, 698, 0, 70, 432
Time: 10258, 10291
RectFull: 1, #000000, 730, 0, 38, 432
Time: 10291, 10324
RectFull: 1, #000000, 762, 0, 6, 432
Time: 10433, 10466
RectFull: 1, #000000, 0, 0, 7, 432
Time: 10466, 10499
RectFull: 1, #000000, 0, 0, 39, 432
Time: 10499, 10532
RectFull: 1, #000000, 0, 0, 71, 432
Time: 10532, 10565
RectFull: 1, #000000, 27, 0, 75, 432
Time: 10565, 10598
RectFull: 1, #000000, 59, 0, 75, 432
Time: 10598, 10631
RectFull: 1, #000000, 91, 0, 75, 432
Time: 10631, 10664
RectFull: 1, #000000, 123, 0, 75, 432
Time: 10664, 10697
RectFull: 1, #000000, 155, 0, 75, 432
Time: 10697, 10730
RectFull: 1, #000000, 187, 0, 75, 432
Time: 10730, 10763
RectFull: 1, #000000, 219, 0, 75, 432
Time: 10763, 10796
RectFull: 1, #000000, 251, 0, 75, 432
Time: 10796, 10829
RectFull: 1, #000000, 283, 0, 75, 432
Time: 10829, 10862
RectFull: 1, #000000, 315, 0, 75, 432
Time: 10862, 10895
RectFull: 1, #000000, 347, 0, 75, 432
Time: 10895, 10928
RectFull: 1, #000000, 379, 0, 75, 432
Time: 10928, 10961
RectFull: 1, #000000, 411, 0, 75, 432
Time: 10961, 10994
RectFull: 1, #000000, 443, 0, 75, 432
Time: 10994, 11027
RectFull: 1, #000000, 474, 0, 75, 432
Time: 11027, 11060
RectFull: 1, #000000, 506, 0, 75, 432
Time: 11060, 11093
RectFull: 1, #000000, 538, 0, 75, 432
Time: 11093, 11126
RectFull: 1, #000000, 570, 0, 75, 432
Time: 11126, 11159
RectFull: 1, #000000, 602, 0, 75, 432
Time: 11159, 11192
RectFull: 1, #000000, 634, 0, 75, 432
Time: 11192, 11225
RectFull: 1, #000000, 666, 0, 75, 432
Time: 11225, 11258
RectFull: 1, #000000, 698, 0, 70, 432
Time: 11258, 11291
RectFull: 1, #000000, 730, 0, 38, 432
Time: 11291, 11324
RectFull: 1, #000000, 762, 0, 6, 432
Time: 11433, 11466
RectFull: 1, #000000, 0, 0, 7, 432
Time: 11466, 11499
RectFull: 1, #000000, 0, 0, 39, 432
Time: 11499, 11532
RectFull: 1, #000000, 0, 0, 71, 432
Time: 11532, 11565
RectFull: 1, #000000, 27, 0, 75, 432
Time: 11565, 11598
RectFull: 1, #000000, 59, 0, 75, 432
Time: 11598, 11631
RectFull: 1, #000000, 91, 0, 75, 432
Time: 11631, 11664
RectFull: 1, #000000, 123, 0, 75, 432
Time: 11664, 11697
RectFull: 1, #000000, 155, 0, 75, 432
Time: 11697, 11730
RectFull: 1, #000000, 187, 0, 75, 432
Time: 11730, 11763
RectFull: 1, #000000, 219, 0, 75, 432
Time: 11763, 11796
RectFull: 1, #000000, 251, 0, 75, 432
Time: 11796, 11829
RectFull: 1, #000000, 283, 0, 75, 432
Time: 11829, 11862
RectFull: 1, #000000, 315, 0, 75, 432
Time: 11862, 11895
RectFull: 1, #000000, 347, 0, 75, 432
Time: 11895, 11928
RectFull: 1, #000000, 379, 0, 75, 432
Time: 11928, 11961
RectFull: 1, #000000, 411, 0, 75, 432
Time: 11961, 11994
RectFull: 1, #000000, 443, 0, 75, 432
Time: 11994, 12027
RectFull: 1, #000000, 474, 0, 75, 432
Time: 12027, 12060
RectFull: 1, #000000, 506, 0, 75, 432
Time: 12060, 12093
RectFull: 1, #000000, 538, 0, 75, 432
Time: 12093, 12126
RectFull: 1, #000000, 570, 0, 75, 432
Time: 12126, 12159
RectFull: 1, #000000, 602, 0, 75, 432
Time: 12159, 12192
RectFull: 1, #000000, 634, 0, 75, 432
Time: 12192, 12225
RectFull: 1, #000000, 666, 0, 75, 432
Time: 12225, 12258
RectFull: 1, #000000, 698, 0, 70, 432
Time: 12258, 12291
RectFull: 1, #000000, 730, 0, 38, 432
Time: 12291, 12324
RectFull: 1, #000000, 762, 0, 6, 432
Time: 12433, 12466
RectFull: 1, #000000, 0, 0, 7, 432
Time: 12466, 12499
RectFull: 1, #000000, 0, 0, 39, 432
Time: 12499, 12532
RectFull: 1, #000000, 0, 0, 71, 432
Time: 12532, 12565
RectFull: -1, #000000, 1, 0, 764, 430
Line: 0, #00FF00, 1, 216, 288, 216
Line: 0, #00FF00, 288, 216, 336, 108
Line: 0, #00FF00, 336, 108, 431, 323
Line: 0, #00FF00, 431, 323, 479, 216
Line: 0, #00FF00, 479, 216, 766, 216
RectFull: 1, #000000, 28, 0, 74, 430
Time: 12565, 12598
RectFull: -1, #000000, 3, 1, 761, 428
Line: 0, #00FF00, 3, 216, 288, 216
Line: 0, #00FF00, 288, 216, 336, 108
Line: 0, #00FF00, 336, 108, 431, 323
Line: 0, #00FF00, 431, 323, 479, 216
Line: 0, #00FF00, 479, 216, 764, 216
RectFull: 1, #000000, 61, 1, 74, 428
Time: 12598, 12631
RectFull: -1, #000000, 5, 2, 757, 426
Line: 0, #00FF00, 5, 216, 289, 216
Line: 0, #00FF00, 289, 216, 336, 109
Line: 0, #00FF00, 336, 109, 431, 322
Line: 0, #00FF00, 431, 322, 478, 216
Line: 0, #00FF00, 478, 216, 762, 216
RectFull: 1, #000000, 94, 2, 74, 426
Time: 12631, 12664
RectFull: -1, #000000, 6, 3, 754, 424
Line: 0, #00FF00, 6, 216, 289, 216
Line: 0, #00FF00, 289, 216, 336, 109
Line: 0, #00FF00, 336, 109, 431, 322
Line: 0, #00FF00, 431, 322, 478, 216
Line: 0, #00FF00, 478, 216, 761, 216
RectFull: 1, #000000, 127, 3, 73, 424
Time: 12664, 12697
RectFull: -1, #000000, 8, 4, 751, 422
Line: 0, #00FF00, 8, 216, 290, 216
Line: 0, #00FF00, 290, 216, 337, 110
Line: 0, #00FF00, 337, 110, 430, 321
Line: 0, #00FF00, 430, 321, 477, 216
Line: 0, #00FF00, 477, 216, 759, 216
RectFull: 1, #000000, 160, 4, 73, 422
Time: 12697, 12730
RectFull: -1, #000000, 10, 5, 747, 420
Line: 0, #00FF00, 10, 216, 290, 216
Line: 0, #00FF00, 290, 216, 337, 110
Line: 0, #00FF00, 337, 110, 430, 321
Line: 0, #00FF00, 430, 321, 477, 216
Line: 0, #00FF00, 477, 216, 757, 216
RectFull: 1, #000000, 192, 5, 73, 420
Time: 12730, 12763
RectFull: -1, #000000, 11, 6, 744, 418
Line: 0, #00FF00, 11, 216, 290, 216
Line: 0, #00FF00, 290, 216, 337, 111
Line: 0, #00FF00, 337, 111, 430, 320
Line: 0, #00FF00, 430, 320, 477, 216
Line: 0, #00FF00, 477, 216, 756, 216
RectFull: 1, #000000, 224, 6, 72, 418
Time: 12763, 12796
RectFull: -1, #000000, 13, 7, 741, 416
Line: 0, #00FF00, 13, 216, 291, 216
Line: 0, #00FF00, 291, 216, 337, 111
Line: 0, #00FF00, 337, 111, 430, 320
Line: 0, #00FF00, 430, 320, 476, 216
Line: 0, #00FF00, 476, 216, 754, 216
RectFull: 1, #000000, 255, 7, 72, 416
Time: 12796, 12829
RectFull: -1, #000000, 15, 8, 737, 414
Line: 0, #00FF00, 15, 216, 291, 216
Line: 0, #00FF00, 291, 216, 337, 112
Line: 0, #00FF00, 337, 112, 430, 319
Line: 0, #00FF00, 430, 319, 476, 216
Line: 0, #00FF00, 476, 216, 752, 216
RectFull: 1, #000000, 286, 8, 72, 414
Time: 12829, 12862
RectFull: -1, #000000, 16, 9, 734, 413
Line: 0, #00FF00, 16, 216, 292, 216
Line: 0, #00FF00, 292, 216, 338, 112
Line: 0, #00FF00, 338, 112, 429, 319
Line: 0, #00FF00, 429, 319, 475, 216
Line: 0, #00FF00, 475, 216, 751, 216
RectFull: 1, #000000, 318, 9, 71, 413
Time: 12862, 12895
RectFull: -1, #000000, 18, 10, 730, 411
Line: 0, #00FF00, 18, 216, 292, 216
Line: 0, #00FF00, 292, 216, 338, 113
Line: 0, #00FF00, 338, 113, 429, 318
Line: 0, #00FF00, 429, 318, 475, 216
Line: 0, #00FF00, 475, 216, 749, 216
RectFull: 1, #000000, 348, 10, 71, 411
Time: 12895, 12928
RectFull: -1, #000000, 20, 11, 727, 409
Line: 0, #00FF00, 20, 216, 293, 216
Line: 0, #00FF00, 293, 216, 338, 113
Line: 0, #00FF00, 338, 113, 429, 318
Line: 0, #00FF00, 429, 318, 474, 216
Line: 0, #00FF00, 474, 216, 747, 216
RectFull: 1, #000000, 379, 11, 71, 409
Time: 12928, 12961
RectFull: -1, #000000, 21, 12, 724, 407
Line: 0, #00FF00, 21, 216, 293, 216
Line: 0, #00FF00, 293, 216, 338, 114
Line: 0, #00FF00, 338, 114, 429, 317
Line: 0, #00FF00, 429, 317, 474, 216
Line: 0, #00FF00, 474, 216, 746, 216
RectFull: 1, #000000, 409, 12, 70, 407
Time: 12961, 12994
RectFull: -1, #000000, 23, 13, 720, 405
Line: 0, #00FF00, 23, 216, 293, 216
Line: 0, #00FF00, 293, 216, 338, 114
Line: 0, #00FF00, 338, 114, 429, 317
Line: 0, #00FF00, 429, 317, 474, 216
Line: 0, #00FF00, 474, 216, 744, 216
RectFull: 1, #000000, 439, 13, 70, 405
Time: 12994, 13027
RectFull: -1, #000000, 25, 14, 717, 403
Line: 0, #00FF00, 25, 216, 294, 216
Line: 0, #00FF00, 294, 216, 339, 115
Line: 0, #00FF00, 339, 115, 428, 316
Line: 0, #00FF00, 428, 316, 473, 216
Line: 0, #00FF00, 473, 216, 742, 216
RectFull: 1, #000000, 468, 14, 70, 403
Time: 13027, 13060
RectFull: -1, #000000, 26, 15, 714, 401
Line: 0, #00FF00, 26, 216, 294, 216
Line: 0, #00FF00, 294, 216, 339, 115
Line: 0, #00FF00, 339, 115, 428, 316
Line: 0, #00FF00, 428, 316, 473, 216
Line: 0, #00FF00, 473, 216, 741, 216
RectFull: 1, #000000, 497, 15, 69, 401
Time: 13060, 13093
RectFull: -1, #000000, 28, 16, 710, 399
Line: 0, #00FF00, 28, 216, 295, 216
Line: 0, #00FF00, 295, 216, 339, 116
Line: 0, #00FF00, 339, 116, 428, 315
Line: 0, #00FF00, 428, 315, 472, 216
Line: 0, #00FF00, 472, 216, 739, 216
RectFull: 1, #000000, 526, 16, 69, 399
Time: 13093, 13126
RectFull: -1, #000000, 30, 17, 707, 397
Line: 0, #00FF00, 30, 216, 295, 216
Line: 0, #00FF00, 295, 216, 339, 116
Line: 0, #00FF00, 339, 116, 428, 315
Line: 0, #00FF00, 428, 315, 472, 216
Line: 0, #00FF00, 472, 216, 737, 216
RectFull: 1, #000000, 555, 17, 69, 397
Time: 13126, 13159
RectFull: -1, #000000, 32, 18, 703, 395
Line: 0, #00FF00, 32, 216, 296, 216
Line: 0, #00FF00, 296, 216, 340, 117
Line: 0, #00FF00, 340, 117, 427, 314
Line: 0, #00FF00, 427, 314, 471, 216
Line: 0, #00FF00, 471, 216, 735, 216
RectFull: 1, #000000, 583, 18, 68, 395
Time: 13159, 13192
RectFull: -1, #000000, 33, 18, 700, 394
Line: 0, #00FF00, 33, 216, 296, 216
Line: 0, #00FF00, 296, 216, 340, 117
Line: 0, #00FF00, 340, 117, 427, 314
Line: 0, #00FF00, 427, 314, 471, 216
Line: 0, #00FF00, 471, 216, 734, 216
RectFull: 1, #000000, 612, 18, 68, 394
Time: 13192, 13225
RectFull: -1, #000000, 35, 19, 697, 392
Line: 0, #00FF00, 35, 216, 296, 216
Line: 0, #00FF00, 296, 216, 340, 117
Line: 0, #00FF00, 340, 117, 427, 314
Line: 0, #00FF00, 427, 314, 471, 216
Line: 0, #00FF00, 471, 216, 732, 216
RectFull: 1, #000000, 639, 19, 68, 392
Time: 13225, 13258
RectFull: -1, #000000, 37, 20, 693, 390
Line: 0, #00FF00, 37, 216, 297, 216
Line: 0, #00FF00, 297, 216, 340, 118
Line: 0, #00FF00, 340, 118, 427, 313
Line: 0, #00FF00, 427, 313, 470, 216
Line: 0, #00FF00, 470, 216, 730, 216
RectFull: 1, #000000, 667, 20, 63, 390
Time: 13258, 13291
RectFull: -1, #000000, 38, 21, 690, 388
Line: 0, #00FF00, 38, 216, 297, 216
Line: 0, #00FF00, 297, 216, 340, 118
Line: 0, #00FF00, 340, 118, 427, 313
Line: 0, #00FF00, 427, 313, 470, 216
Line: 0, #00FF00, 470, 216, 729, 216
RectFull: 1, #000000, 695, 21, 34, 388
Time: 13291, 13324
RectFull: -1, #000000, 40, 22, 687, 386
Line: 0, #00FF00, 40, 216, 298, 216
Line: 0, #00FF00, 298, 216, 341, 119
Line: 0, #00FF00, 341, 119, 426, 312
Line: 0, #00FF00, 426, 312, 469, 216
Line: 0, #00FF00, 469, 216, 727, 216
RectFull: 1, #000000, 722, 22, 5, 386
Time: 13324, 13357
RectFull: -1, #000000, 42, 23, 683, 384
Line: 0, #00FF00, 42, 216, 298, 216
Line: 0, #00FF00, 298, 216, 341, 119
Line: 0, #00FF00, 341, 119, 426, 312
Line: 0, #00FF00, 426, 312, 469, 216
Line: 0, #00FF00, 469, 216, 725, 216
Time: 13357, 13390
RectFull: -1, #000000, 43, 24, 680, 382
Line: 0, #00FF00, 43, 216, 298, 216
Line: 0, #00FF00, 298, 216, 341, 120
Line: 0, #00FF00, 341, 120, 426, 311
Line: 0, #00FF00, 426, 311, 469, 216
Line: 0, #00FF00, 469, 216, 724, 216
Time: 13390, 13423
RectFull: -1, #000000, 45, 25, 676, 380
Line: 0, #00FF00, 45, 216, 299, 216
Line: 0, #00FF00, 299, 216, 341, 120
Line: 0, #00FF00, 341, 120, 426, 311
Line: 0, #00FF00, 426, 311, 468, 216
Line: 0, #00FF00, 468, 216, 722, 216
Time: 13400, 13433
RectFull: -1, #000000, 46, 25, 675, 380
Line: 0, #00FF00, 46, 216, 299, 216
Line: 0, #00FF00, 299, 216, 341, 120
Line: 0, #00FF00, 341, 120, 426, 311
Line: 0, #00FF00, 426, 311, 468, 216
Line: 0, #00FF00, 468, 216, 721, 216
Time: 13433, 13466
RectFull: -1, #000000, 47, 26, 672, 378
Line: 0, #00FF00, 47, 216, 299, 216
Line: 0, #00FF00, 299, 216, 341, 121
Line: 0, #00FF00, 341, 121, 426, 310
Line: 0, #00FF00, 426, 310, 468, 216
Line: 0, #00FF00, 468, 216, 720, 216
RectFull: 1, #000000, 47, 26, 7, 378
Time: 13466, 13499
RectFull: -1, #000000, 49, 27, 669, 376
Line: 0, #00FF00, 49, 216, 300, 216
Line: 0, #00FF00, 300, 216, 342, 121
Line: 0, #00FF00, 342, 121, 425, 310
Line: 0, #00FF00, 425, 310, 467, 216
Line: 0, #00FF00, 467, 216, 718, 216
RectFull: 1, #000000, 49, 27, 34, 376
Time: 13499, 13532
RectFull: -1, #000000, 51, 28, 665, 374
Line: 0, #00FF00, 51, 216, 300, 216
Line: 0, #00FF00, 300, 216, 342, 122
Line: 0, #00FF00, 342, 122, 425, 309
Line: 0, #00FF00, 425, 309, 467, 216
Line: 0, #00FF00, 467, 216, 716, 216
RectFull: 1, #000000, 51, 28, 61, 374
Time: 13532, 13565
RectFull: -1, #000000, 52, 29, 662, 372
Line: 0, #00FF00, 52, 216, 301, 216
Line: 0, #00FF00, 301, 216, 342, 122
Line: 0, #00FF00, 342, 122, 425, 309
Line: 0, #00FF00, 425, 309, 466, 216
Line: 0, #00FF00, 466, 216, 715, 216
RectFull: 1, #000000, 76, 29, 64, 372
Time: 13565, 13598
RectFull: -1, #000000, 54, 30, 658, 370
Line: 0, #00FF00, 54, 216, 301, 216
Line: 0, #00FF00, 301, 216, 342, 123
Line: 0, #00FF00, 342, 123, 425, 308
Line: 0, #00FF00, 425, 308, 466, 216
Line: 0, #00FF00, 466, 216, 713, 216
RectFull: 1, #000000, 105, 30, 64, 370
Time: 13598, 13631
RectFull: -1, #000000, 56, 31, 655, 368
Line: 0, #00FF00, 56, 216, 302, 216
Line: 0, #00FF00, 302, 216, 343, 123
Line: 0, #00FF00, 343, 123, 424, 308
Line: 0, #00FF00, 424, 308, 465, 216
Line: 0, #00FF00, 465, 216, 711, 216
RectFull: 1, #000000, 133, 31, 64, 368
Time: 13631, 13664
RectFull: -1, #000000, 57, 32, 652, 366
Line: 0, #00FF00, 57, 216, 302, 216
Line: 0, #00FF00, 302, 216, 343, 124
Line: 0, #00FF00, 343, 124, 424, 307
Line: 0, #00FF00, 424, 307, 465, 216
Line: 0, #00FF00, 465, 216, 710, 216
RectFull: 1, #000000, 162, 32, 63, 366
Time: 13664, 13697
RectFull: -1, #000000, 59, 33, 648, 364
Line: 0, #00FF00, 59, 216, 302, 216
Line: 0, #00FF00, 302, 216, 343, 124
Line: 0, #00FF00, 343, 124, 424, 307
Line: 0, #00FF00, 424, 307, 465, 216
Line: 0, #00FF00, 465, 216, 708, 216
RectFull: 1, #000000, 190, 33, 63, 364
Time: 13697, 13730
RectFull: -1, #000000, 61, 34, 645, 363
Line: 0, #00FF00, 61, 216, 303, 216
Line: 0, #00FF00, 303, 216, 343, 125
Line: 0, #00FF00, 343, 125, 424, 306
Line: 0, #00FF00, 424, 306, 464, 216
Line: 0, #00FF00, 464, 216, 706, 216
RectFull: 1, #000000, 218, 34, 63, 363
Time: 13730, 13763
RectFull: -1, #000000, 62, 35, 642, 361
Line: 0, #00FF00, 62, 216, 303, 216
Line: 0, #00FF00, 303, 216, 343, 125
Line: 0, #00FF00, 343, 125, 424, 306
Line: 0, #00FF00, 424, 306, 464, 216
Line: 0, #00FF00, 464, 216, 705, 216
RectFull: 1, #000000, 246, 35, 62, 361
Time: 13763, 13796
RectFull: -1, #000000, 64, 36, 638, 359
Line: 0, #00FF00, 64, 216, 304, 216
Line: 0, #00FF00, 304, 216, 344, 126
Line: 0, #00FF00, 344, 126, 423, 305
Line: 0, #00FF00, 423, 305, 463, 216
Line: 0, #00FF00, 463, 216, 703, 216
RectFull: 1, #000000, 273, 36, 62, 359
Time: 13796, 13829
RectFull: -1, #000000, 66, 37, 635, 357
Line: 0, #00FF00, 66, 216, 304, 216
Line: 0, #00FF00, 304, 216, 344, 126
Line: 0, #00FF00, 344, 126, 423, 305
Line: 0, #00FF00, 423, 305, 463, 216
Line: 0, #00FF00, 463, 216, 701, 216
RectFull: 1, #000000, 300, 37, 62, 357
Time: 13829, 13862
RectFull: -1, #000000, 68, 38, 631, 355
Line: 0, #00FF00, 68, 216, 305, 216
Line: 0, #00FF00, 305, 216, 344, 127
Line: 0, #00FF00, 344, 127, 423, 304
Line: 0, #00FF00, 423, 304, 462, 216
Line: 0, #00FF00, 462, 216, 699, 216
RectFull: 1, #000000, 327, 38, 61, 355
Time: 13862, 13895
RectFull: -1, #000000, 69, 39, 628, 353
Line: 0, #00FF00, 69, 216, 305, 216
Line: 0, #00FF00, 305, 216, 344, 127
Line: 0, #00FF00, 344, 127, 423, 304
Line: 0, #00FF00, 423, 304, 462, 216
Line: 0, #00FF00, 462, 216, 698, 216
RectFull: 1, #000000, 353, 39, 61, 353
Time: 13895, 13928
RectFull: -1, #000000, 71, 40, 625, 351
Line: 0, #00FF00, 71, 216, 305, 216
Line: 0, #00FF00, 305, 216, 344, 128
Line: 0, #00FF00, 344, 128, 423, 303
Line: 0, #00FF00, 423, 303, 462, 216
Line: 0, #00FF00, 462, 216, 696, 216
RectFull: 1, #000000, 379, 40, 61, 351
Time: 13928, 13961
RectFull: -1, #000000, 73, 41, 621, 349
Line: 0, #00FF00, 73, 216, 306, 216
Line: 0, #00FF00, 306, 216, 345, 128
Line: 0, #00FF00, 345, 128, 422, 303
Line: 0, #00FF00, 422, 303, 461, 216
Line: 0, #00FF00, 461, 216, 694, 216
RectFull: 1, #000000, 405, 41, 60, 349
Time: 13961, 13994
RectFull: -1, #000000, 74, 42, 618, 347
Line: 0, #00FF00, 74, 216, 306, 216
Line: 0, #00FF00, 306, 216, 345, 129
Line: 0, #00FF00, 345, 129, 422, 302
Line: 0, #00FF00, 422, 302, 461, 216
Line: 0, #00FF00, 461, 216, 693, 216
RectFull: 1, #000000, 431, 42, 60, 347
Time: 13994, 14027
RectFull: -1, #000000, 76, 43, 615, 345
Line: 0, #00FF00, 76, 216, 307, 216
Line: 0, #00FF00, 307, 216, 345, 129
Line: 0, #00FF00, 345, 129, 422, 302
Line: 0, #00FF00, 422, 302, 460, 216
Line: 0, #00FF00, 460, 216, 691, 216
RectFull: 1, #000000, 456, 43, 60, 345
Time: 14027, 14060
RectFull: -1, #000000, 78, 43, 611, 344
Line: 0, #00FF00, 78, 216, 307, 216
Line: 0, #00FF00, 307, 216, 345, 129
Line: 0, #00FF00, 345, 129, 422, 302
Line: 0, #00FF00, 422, 302, 460, 216
Line: 0, #00FF00, 460, 216, 689, 216
RectFull: 1, #000000, 481, 43, 59, 344
Time: 14060, 14093
RectFull: -1, #000000, 79, 44, 608, 342
Line: 0, #00FF00, 79, 216, 307, 216
Line: 0, #00FF00, 307, 216, 345, 130
Line: 0, #00FF00, 345, 130, 422, 301
Line: 0, #00FF00, 422, 301, 460, 216
Line: 0, #00FF00, 460, 216, 688, 216
RectFull: 1, #000000, 505, 44, 59, 342
Time: 14093, 14126
RectFull: -1, #000000, 81, 45, 604, 340
Line: 0, #00FF00, 81, 216, 308, 216
Line: 0, #00FF00, 308, 216, 346, 130
Line: 0, #00FF00, 346, 130, 421, 301
Line: 0, #00FF00, 421, 301, 459, 216
Line: 0, #00FF00, 459, 216, 686, 216
RectFull: 1, #000000, 530, 45, 59, 340
Time: 14126, 14159
RectFull: -1, #000000, 83, 46, 601, 338
Line: 0, #00FF00, 83, 216, 308, 216
Line: 0, #00FF00, 308, 216, 346, 131
Line: 0, #00FF00, 346, 131, 421, 300
Line: 0, #00FF00, 421, 300, 459, 216
Line: 0, #00FF00, 459, 216, 684, 216
RectFull: 1, #000000, 554, 46, 58, 338
Time: 14159, 14192
RectFull: -1, #000000, 84, 47, 598, 336
Line: 0, #00FF00, 84, 216, 309, 216
Line: 0, #00FF00, 309, 216, 346, 131
Line: 0, #00FF00, 346, 131, 421, 300
Line: 0, #00FF00, 421, 300, 458, 216
Line: 0, #00FF00, 458, 216, 683, 216
RectFull: 1, #000000, 578, 47, 58, 336
Time: 14192, 14225
RectFull: -1, #000000, 86, 48, 594, 334
Line: 0, #00FF00, 86, 216, 309, 216
Line: 0, #00FF00, 309, 216, 346, 132
Line: 0, #00FF00, 346, 132, 421, 299
Line: 0, #00FF00, 421, 299, 458, 216
Line: 0, #00FF00, 458, 216, 681, 216
RectFull: 1, #000000, 602, 48, 58, 334
Time: 14225, 14258
RectFull: -1, #000000, 88, 49, 591, 332
Line: 0, #00FF00, 88, 216, 310, 216
Line: 0, #00FF00, 310, 216, 347, 132
Line: 0, #00FF00, 347, 132, 420, 299
Line: 0, #00FF00, 420, 299, 457, 216
Line: 0, #00FF00, 457, 216, 679, 216
RectFull: 1, #000000, 625, 49, 54, 332
Time: 14258, 14291
RectFull: -1, #000000, 90, 50, 587, 330
Line: 0, #00FF00, 90, 216, 310, 216
Line: 0, #00FF00, 310, 216, 347, 133
Line: 0, #00FF00, 347, 133, 420, 298
Line: 0, #00FF00, 420, 298, 457, 216
Line: 0, #00FF00, 457, 216, 677, 216
RectFull: 1, #000000, 648, 50, 29, 330
Time: 14291, 14324
RectFull: -1, #000000, 91, 51, 584, 328
Line: 0, #00FF00, 91, 216, 310, 216
Line: 0, #00FF00, 310, 216, 347, 133
Line: 0, #00FF00, 347, 133, 420, 298
Line: 0, #00FF00, 420, 298, 457, 216
Line: 0, #00FF00, 457, 216, 676, 216
RectFull: 1, #000000, 671, 51, 5, 328
Time: 14324, 14357
RectFull: -1, #000000, 93, 52, 581, 326
Line: 0, #00FF00, 93, 216, 311, 216
Line: 0, #00FF00, 311, 216, 347, 134
Line: 0, #00FF00, 347, 134, 420, 297
Line: 0, #00FF00, 420, 297, 456, 216
Line: 0, #00FF00, 456, 216, 674, 216
Time: 14357, 14390
RectFull: -1, #000000, 95, 53, 577, 325
Line: 0, #00FF00, 95, 216, 311, 216
Line: 0, #00FF00, 311, 216, 347, 134
Line: 0, #00FF00, 347, 134, 420, 297
Line: 0, #00FF00, 420, 297, 456, 216
Line: 0, #00FF00, 456, 216, 672, 216
Time: 14390, 14423
RectFull: -1, #000000, 96, 54, 574, 323
Line: 0, #00FF00, 96, 216, 312, 216
Line: 0, #00FF00, 312, 216, 348, 135
Line: 0, #00FF00, 348, 135, 419, 296
Line: 0, #00FF00, 419, 296, 455, 216
Line: 0, #00FF00, 455, 216, 671, 216
Time: 14400, 14433
RectFull: -1, #000000, 97, 54, 573, 322
Line: 0, #00FF00, 97, 216, 312, 216
Line: 0, #00FF00, 312, 216, 348, 135
Line: 0, #00FF00, 348, 135, 419, 296
Line: 0, #00FF00, 419, 296, 455, 216
Line: 0, #00FF00, 455, 216, 670, 216
Time: 14433, 14466
RectFull: -1, #000000, 98, 55, 570, 320
Line: 0, #00FF00, 98, 216, 312, 216
Line: 0, #00FF00, 312, 216, 348, 135
Line: 0, #00FF00, 348, 135, 419, 296
Line: 0, #00FF00, 419, 296, 455, 216
Line: 0, #00FF00, 455, 216, 669, 216
RectFull: 1, #000000, 98, 55, 5, 320
Time: 14466, 14499
RectFull: -1, #000000, 100, 56, 566, 318
Line: 0, #00FF00, 100, 216, 313, 216
Line: 0, #00FF00, 313, 216, 348, 136
Line: 0, #00FF00, 348, 136, 419, 295
Line: 0, #00FF00, 419, 295, 454, 216
Line: 0, #00FF00, 454, 216, 667, 216
RectFull: 1, #000000, 100, 56, 29, 318
Time: 14499, 14532
RectFull: -1, #000000, 102, 57, 563, 316
Line: 0, #00FF00, 102, 216, 313, 216
Line: 0, #00FF00, 313, 216, 348, 136
Line: 0, #00FF00, 348, 136, 419, 295
Line: 0, #00FF00, 419, 295, 454, 216
Line: 0, #00FF00, 454, 216, 665, 216
RectFull: 1, #000000, 102, 57, 52, 316
Time: 14532, 14565
RectFull: -1, #000000, 104, 58, 559, 314
Line: 0, #00FF00, 104, 216, 314, 216
Line: 0, #00FF00, 314, 216, 349, 137
Line: 0, #00FF00, 349, 137, 418, 294
Line: 0, #00FF00, 418, 294, 453, 216
Line: 0, #00FF00, 453, 216, 663, 216
RectFull: 1, #000000, 123, 58, 54, 314
Time: 14565, 14598
RectFull: -1, #000000, 105, 59, 556, 313
Line: 0, #00FF00, 105, 216, 314, 216
Line: 0, #00FF00, 314, 216, 349, 137
Line: 0, #00FF00, 349, 137, 418, 294
Line: 0, #00FF00, 418, 294, 453, 216
Line: 0, #00FF00, 453, 216, 662, 216
RectFull: 1, #000000, 148, 59, 54, 313
Time: 14598, 14631
RectFull: -1, #000000, 107, 60, 553, 311
Line: 0, #00FF00, 107, 216, 314, 216
Line: 0, #00FF00, 314, 216, 349, 138
Line: 0, #00FF00, 349, 138, 418, 293
Line: 0, #00FF00, 418, 293, 453, 216
Line: 0, #00FF00, 453, 216, 660, 216
RectFull: 1, #000000, 172, 60, 54, 311
Time: 14631, 14664
RectFull: -1, #000000, 109, 61, 549, 309
Line: 0, #00FF00, 109, 216, 315, 216
Line: 0, #00FF00, 315, 216, 349, 138
Line: 0, #00FF00, 349, 138, 418, 293
Line: 0, #00FF00, 418, 293, 452, 216
Line: 0, #00FF00, 452, 216, 658, 216
RectFull: 1, #000000, 197, 61, 53, 309
Time: 14664, 14697
RectFull: -1, #000000, 110, 62, 546, 307
Line: 0, #00FF00, 110, 216, 315, 216
Line: 0, #00FF00, 315, 216, 349, 139
Line: 0, #00FF00, 349, 139, 418, 292
Line: 0, #00FF00, 418, 292, 452, 216
Line: 0, #00FF00, 452, 216, 657, 216
RectFull: 1, #000000, 221, 62, 53, 307
Time: 14697, 14730
RectFull: -1, #000000, 112, 63, 543, 305
Line: 0, #00FF00, 112, 216, 316, 216
Line: 0, #00FF00, 316, 216, 350, 139
Line: 0, #00FF00, 350, 139, 417, 292
Line: 0, #00FF00, 417, 292, 451, 216
Line: 0, #00FF00, 451, 216, 655, 216
RectFull: 1, #000000, 244, 63, 53, 305
Time: 14730, 14763
RectFull: -1, #000000, 114, 64, 539, 303
Line: 0, #00FF00, 114, 216, 316, 216
Line: 0, #00FF00, 316, 216, 350, 140
Line: 0, #00FF00, 350, 140, 417, 291
Line: 0, #00FF00, 417, 291, 451, 216
Line: 0, #00FF00, 451, 216, 653, 216
RectFull: 1, #000000, 268, 64, 52, 303
Time: 14763, 14796
RectFull: -1, #000000, 115, 65, 536, 301
Line: 0, #00FF00, 115, 216, 316, 216
Line: 0, #00FF00, 316, 216, 350, 140
Line: 0, #00FF00, 350, 140, 417, 291
Line: 0, #00FF00, 417, 291, 451, 216
Line: 0, #00FF00, 451, 216, 652, 216
RectFull: 1, #000000, 291, 65, 52, 301
Time: 14796, 14829
RectFull: -1, #000000, 117, 66, 532, 299
Line: 0, #00FF00, 117, 216, 317, 216
Line: 0, #00FF00, 317, 216, 350, 141
Line: 0, #00FF00, 350, 141, 417, 290
Line: 0, #00FF00, 417, 290, 450, 216
Line: 0, #00FF00, 450, 216, 650, 216
RectFull: 1, #000000, 313, 66, 52, 299
Time: 14829, 14862
RectFull: -1, #000000, 119, 67, 529, 297
Line: 0, #00FF00, 119, 216, 317, 216
Line: 0, #00FF00, 317, 216, 350, 141
Line: 0, #00FF00, 350, 141, 417, 290
Line: 0, #00FF00, 417, 290, 450, 216
Line: 0, #00FF00, 450, 216, 648, 216
RectFull: 1, #000000, 336, 67, 51, 297
Time: 14862, 14895
RectFull: -1, #000000, 120, 68, 526, 295
Line: 0, #00FF00, 120, 216, 318, 216
Line: 0, #00FF00, 318, 216, 351, 142
Line: 0, #00FF00, 351, 142, 416, 289
Line: 0, #00FF00, 416, 289, 449, 216
Line: 0, #00FF00, 449, 216, 647, 216
RectFull: 1, #000000, 358, 68, 51, 295
Time: 14895, 14928
RectFull: -1, #000000, 122, 68, 522, 294
Line: 0, #00FF00, 122, 216, 318, 216
Line: 0, #00FF00, 318, 216, 351, 142
Line: 0, #00FF00, 351, 142, 416, 289
Line: 0, #00FF00, 416, 289, 449, 216
Line: 0, #00FF00, 449, 216, 645, 216
RectFull: 1, #000000, 380, 68, 51, 294
Time: 14928, 14961
RectFull: -1, #000000, 124, 69, 519, 292
Line: 0, #00FF00, 124, 216, 319, 216
Line: 0, #00FF00, 319, 216, 351, 142
Line: 0, #00FF00, 351, 142, 416, 289
Line: 0, #00FF00, 416, 289, 448, 216
Line: 0, #00FF00, 448, 216, 643, 216
RectFull: 1, #000000, 402, 69, 50, 292
Time: 14961, 14994
RectFull: -1, #000000, 126, 70, 515, 290
Line: 0, #00FF00, 126, 216, 319, 216
Line: 0, #00FF00, 319, 216, 351, 143
Line: 0, #00FF00, 351, 143, 416, 288
Line: 0, #00FF00, 416, 288, 448, 216
Line: 0, #00FF00, 448, 216, 641, 216
RectFull: 1, #000000, 423, 70, 50, 290
Time: 14994, 15027
RectFull: -1, #000000, 127, 71, 512, 288
Line: 0, #00FF00, 127, 216, 319, 216
Line: 0, #00FF00, 319, 216, 351, 143
Line: 0, #00FF00, 351, 143, 416, 288
Line: 0, #00FF00, 416, 288, 448, 216
Line: 0, #00FF00, 448, 216, 640, 216
RectFull: 1, #000000, 444, 71, 50, 288
Time: 15027, 15060
RectFull: -1, #000000, 129, 72, 509, 286
Line: 0, #00FF00, 129, 216, 320, 216
Line: 0, #00FF00, 320, 216, 352, 144
Line: 0, #00FF00, 352, 144, 415, 287
Line: 0, #00FF00, 415, 287, 447, 216
Line: 0, #00FF00, 447, 216, 638, 216
RectFull: 1, #000000, 464, 72, 49, 286
Time: 15060, 15093
RectFull: -1, #000000, 131, 73, 505, 284
Line: 0, #00FF00, 131, 216, 320, 216
Line: 0, #00FF00, 320, 216, 352, 144
Line: 0, #00FF00, 352, 144, 415, 287
Line: 0, #00FF00, 415, 287, 447, 216
Line: 0, #00FF00, 447, 216, 636, 216
RectFull: 1, #000000, 485, 73, 49, 284
Time: 15093, 15126
RectFull: -1, #000000, 132, 74, 502, 282
Line: 0, #00FF00, 132, 216, 321, 216
Line: 0, #00FF00, 321, 216, 352, 145
Line: 0, #00FF00, 352, 145, 415, 286
Line: 0, #00FF00, 415, 286, 446, 216
Line: 0, #00FF00, 446, 216, 635, 216
RectFull: 1, #000000, 505, 74, 49, 282
Time: 15126, 15159
RectFull: -1, #000000, 134, 75, 499, 280
Line: 0, #00FF00, 134, 216, 321, 216
Line: 0, #00FF00, 321, 216, 352, 145
Line: 0, #00FF00, 352, 145, 415, 286
Line: 0, #00FF00, 415, 286, 446, 216
Line: 0, #00FF00, 446, 216, 633, 216
RectFull: 1, #000000, 525, 75, 48, 280
Time: 15159, 15192
RectFull: -1, #000000, 136, 76, 495, 278
Line: 0, #00FF00, 136, 216, 322, 216
Line: 0, #00FF00, 322, 216, 353, 146
Line: 0, #00FF00, 353, 146, 414, 285
Line: 0, #00FF00, 414, 285, 445, 216
Line: 0, #00FF00, 445, 216, 631, 216
RectFull: 1, #000000, 545, 76, 48, 278
Time: 15192, 15225
RectFull: -1, #000000, 137, 77, 492, 276
Line: 0, #00FF00, 137, 216, 322, 216
Line: 0, #00FF00, 322, 216, 353, 146
Line: 0, #00FF00, 353, 146, 414, 285
Line: 0, #00FF00, 414, 285, 445, 216
Line: 0, #00FF00, 445, 216, 630, 216
RectFull: 1, #000000, 564, 77, 48, 276
Time: 15225, 15258
RectFull: -1, #000000, 139, 78, 488, 275
Line: 0, #00FF00, 139, 216, 322, 216
Line: 0, #00FF00, 322, 216, 353, 147
Line: 0, #00FF00, 353, 147, 414, 284
Line: 0, #00FF00, 414, 284, 445, 216
Line: 0, #00FF00, 445, 216, 628, 216
RectFull: 1, #000000, 583, 78, 45, 275
Time: 15258, 15291
RectFull: -1, #000000, 141, 79, 485, 273
Line: 0, #00FF00, 141, 216, 323, 216
Line: 0, #00FF00, 323, 216, 353, 147
Line: 0, #00FF00, 353, 147, 414, 284
Line: 0, #00FF00, 414, 284, 444, 216
Line: 0, #00FF00, 444, 216, 626, 216
RectFull: 1, #000000, 602, 79, 24, 273
Time: 15291, 15324
RectFull: -1, #000000, 142, 80, 482, 271
Line: 0, #00FF00, 142, 216, 323, 216
Line: 0, #00FF00, 323, 216, 353, 148
Line: 0, #00FF00, 353, 148, 414, 283
Line: 0, #00FF00, 414, 283, 444, 216
Line: 0, #00FF00, 444, 216, 625, 216
RectFull: 1, #000000, 621, 80, 4, 271
Time: 15324, 15357
RectFull: -1, #000000, 144, 81, 478, 269
Line: 0, #00FF00, 144, 216, 324, 216
Line: 0, #00FF00, 324, 216, 354, 148
Line: 0, #00FF00, 354, 148, 413, 283
Line: 0, #00FF00, 413, 283, 443, 216
Line: 0, #00FF00, 443, 216, 623, 216
Time: 15357, 15390
RectFull: -1, #000000, 146, 82, 475, 267
Line: 0, #00FF00, 146, 216, 324, 216
Line: 0, #00FF00, 324, 216, 354, 149
Line: 0, #00FF00, 354, 149, 413, 282
Line: 0, #00FF00, 413, 282, 443, 216
Line: 0, #00FF00, 443, 216, 621, 216
Time: 15390, 15423
RectFull: -1, #000000, 147, 83, 472, 265
Line: 0, #00FF00, 147, 216, 324, 216
Line: 0, #00FF00, 324, 216, 354, 149
Line: 0, #00FF00, 354, 149, 413, 282
Line: 0, #00FF00, 413, 282, 443, 216
Line: 0, #00FF00, 443, 216, 620, 216
Time: 15400, 15433
RectFull: -1, #000000, 148, 83, 471, 264
Line: 0, #00FF00, 148, 216, 325, 216
Line: 0, #00FF00, 325, 216, 354, 149
Line: 0, #00FF00, 354, 149, 413, 282
Line: 0, #00FF00, 413, 282, 442, 216
Line: 0, #00FF00, 442, 216, 619, 216
Time: 15433, 15466
RectFull: -1, #000000, 150, 84, 467, 263
Line: 0, #00FF00, 150, 216, 325, 216
Line: 0, #00FF00, 325, 216, 354, 150
Line: 0, #00FF00, 354, 150, 413, 281
Line: 0, #00FF00, 413, 281, 442, 216
Line: 0, #00FF00, 442, 216, 617, 216
RectFull: 1, #000000, 150, 84, 3, 263
Time: 15466, 15499
RectFull: -1, #000000, 151, 85, 464, 261
Line: 0, #00FF00, 151, 216, 325, 216
Line: 0, #00FF00, 325, 216, 354, 150
Line: 0, #00FF00, 354, 150, 413, 281
Line: 0, #00FF00, 413, 281, 442, 216
Line: 0, #00FF00, 442, 216, 616, 216
RectFull: 1, #000000, 151, 85, 24, 261
Time: 15499, 15532
RectFull: -1, #000000, 153, 86, 460, 259
Line: 0, #00FF00, 153, 216, 326, 216
Line: 0, #00FF00, 326, 216, 355, 151
Line: 0, #00FF00, 355, 151, 412, 280
Line: 0, #00FF00, 412, 280, 441, 216
Line: 0, #00FF00, 441, 216, 614, 216
RectFull: 1, #000000, 153, 86, 43, 259
Time: 15532, 15565
RectFull: -1, #000000, 155, 87, 457, 257
Line: 0, #00FF00, 155, 216, 326, 216
Line: 0, #00FF00, 326, 216, 355, 151
Line: 0, #00FF00, 355, 151, 412, 280
Line: 0, #00FF00, 412, 280, 441, 216
Line: 0, #00FF00, 441, 216, 612, 216
RectFull: 1, #000000, 171, 87, 44, 257
Time: 15565, 15598
RectFull: -1, #000000, 156, 88, 454, 255
Line: 0, #00FF00, 156, 216, 327, 216
Line: 0, #00FF00, 327, 216, 355, 152
Line: 0, #00FF00, 355, 152, 412, 279
Line: 0, #00FF00, 412, 279, 440, 216
Line: 0, #00FF00, 440, 216, 611, 216
RectFull: 1, #000000, 191, 88, 44, 255
Time: 15598, 15631
RectFull: -1, #000000, 158, 89, 450, 253
Line: 0, #00FF00, 158, 216, 327, 216
Line: 0, #00FF00, 327, 216, 355, 152
Line: 0, #00FF00, 355, 152, 412, 279
Line: 0, #00FF00, 412, 279, 440, 216
Line: 0, #00FF00, 440, 216, 609, 216
RectFull: 1, #000000, 212, 89, 44, 253
Time: 15631, 15664
RectFull: -1, #000000, 160, 90, 447, 251
Line: 0, #00FF00, 160, 216, 328, 216
Line: 0, #00FF00, 328, 216, 356, 153
Line: 0, #00FF00, 356, 153, 411, 278
Line: 0, #00FF00, 411, 278, 439, 216
Line: 0, #00FF00, 439, 216, 607, 216
RectFull: 1, #000000, 231, 90, 43, 251
Time: 15664, 15697
RectFull: -1, #000000, 161, 91, 444, 249
Line: 0, #00FF00, 161, 216, 328, 216
Line: 0, #00FF00, 328, 216, 356, 153
Line: 0, #00FF00, 356, 153, 411, 278
Line: 0, #00FF00, 411, 278, 439, 216
Line: 0, #00FF00, 439, 216, 606, 216
RectFull: 1, #000000, 251, 91, 43, 249
Time: 15697, 15730
RectFull: -1, #000000, 163, 92, 440, 247
Line: 0, #00FF00, 163, 216, 328, 216
Line: 0, #00FF00, 328, 216, 356, 154
Line: 0, #00FF00, 356, 154, 411, 277
Line: 0, #00FF00, 411, 277, 439, 216
Line: 0, #00FF00, 439, 216, 604, 216
RectFull: 1, #000000, 270, 92, 43, 247
Time: 15730, 15763
RectFull: -1, #000000, 165, 93, 437, 245
Line: 0, #00FF00, 165, 216, 329, 216
Line: 0, #00FF00, 329, 216, 356, 154
Line: 0, #00FF00, 356, 154, 411, 277
Line: 0, #00FF00, 411, 277, 438, 216
Line: 0, #00FF00, 438, 216, 602, 216
RectFull: 1, #000000, 290, 93, 42, 245
Time: 15763, 15796
RectFull: -1, #000000, 167, 93, 433, 244
Line: 0, #00FF00, 167, 216, 329, 216
Line: 0, #00FF00, 329, 216, 356, 154
Line: 0, #00FF00, 356, 154, 411, 277
Line: 0, #00FF00, 411, 277, 438, 216
Line: 0, #00FF00, 438, 216, 600, 216
RectFull: 1, #000000, 308, 93, 42, 244
Time: 15796, 15829
RectFull: -1, #000000, 168, 94, 430, 242
Line: 0, #00FF00, 168, 216, 330, 216
Line: 0, #00FF00, 330, 216, 357, 155
Line: 0, #00FF00, 357, 155, 410, 276
Line: 0, #00FF00, 410, 276, 437, 216
Line: 0, #00FF00, 437, 216, 599, 216
RectFull: 1, #000000, 327, 94, 42, 242
Time: 15829, 15862
RectFull: -1, #000000, 170, 95, 427, 240
Line: 0, #00FF00, 170, 216, 330, 216
Line: 0, #00FF00, 330, 216, 357, 155
Line: 0, #00FF00, 357, 155, 410, 276
Line: 0, #00FF00, 410, 276, 437, 216
Line: 0, #00FF00, 437, 216, 597, 216
RectFull: 1, #000000, 345, 95, 41, 240
Time: 15862, 15895
RectFull: -1, #000000, 172, 96, 423, 238
Line: 0, #00FF00, 172, 216, 331, 216
Line: 0, #00FF00, 331, 216, 357, 156
Line: 0, #00FF00, 357, 156, 410, 275
Line: 0, #00FF00, 410, 275, 436, 216
Line: 0, #00FF00, 436, 216, 595, 216
RectFull: 1, #000000, 363, 96, 41, 238
Time: 15895, 15928
RectFull: -1, #000000, 173, 97, 420, 236
Line: 0, #00FF00, 173, 216, 331, 216
Line: 0, #00FF00, 331, 216, 357, 156
Line: 0, #00FF00, 357, 156, 410, 275
Line: 0, #00FF00, 410, 275, 436, 216
Line: 0, #00FF00, 436, 216, 594, 216
RectFull: 1, #000000, 381, 97, 41, 236
Time: 15928, 15961
RectFull: -1, #000000, 175, 98, 416, 234
Line: 0, #00FF00, 175, 216, 331, 216
Line: 0, #00FF00, 331, 216, 357, 157
Line: 0, #00FF00, 357, 157, 410, 274
Line: 0, #00FF00, 410, 274, 436, 216
Line: 0, #00FF00, 436, 216, 592, 216
RectFull: 1, #000000, 398, 98, 40, 234
Time: 15961, 15994
RectFull: -1, #000000, 177, 99, 413, 232
Line: 0, #00FF00, 177, 216, 332, 216
Line: 0, #00FF00, 332, 216, 358, 157
Line: 0, #00FF00, 358, 157, 409, 274
Line: 0, #00FF00, 409, 274, 435, 216
Line: 0, #00FF00, 435, 216, 590, 216
RectFull: 1, #000000, 415, 99, 40, 232
Time: 15994, 16027
RectFull: -1, #000000, 178, 100, 410, 230
Line: 0, #00FF00, 178, 216, 332, 216
Line: 0, #00FF00, 332, 216, 358, 158
Line: 0, #00FF00, 358, 158, 409, 273
Line: 0, #00FF00, 409, 273, 435, 216
Line: 0, #00FF00, 435, 216, 589, 216
RectFull: 1, #000000, 432, 100, 40, 230
Time: 16027, 16060
RectFull: -1, #000000, 180, 101, 406, 228
Line: 0, #00FF00, 180, 216, 333, 216
Line: 0, #00FF00, 333, 216, 358, 158
Line: 0, #00FF00, 358, 158, 409, 273
Line: 0, #00FF00, 409, 273, 434, 216
Line: 0, #00FF00, 434, 216, 587, 216
RectFull: 1, #000000, 448, 101, 39, 228
Time: 16060, 16093
RectFull: -1, #000000, 182, 102, 403, 226
Line: 0, #00FF00, 182, 216, 333, 216
Line: 0, #00FF00, 333, 216, 358, 159
Line: 0, #00FF00, 358, 159, 409, 272
Line: 0, #00FF00, 409, 272, 434, 216
Line: 0, #00FF00, 434, 216, 585, 216
RectFull: 1, #000000, 464, 102, 39, 226
Time: 16093, 16126
RectFull: -1, #000000, 183, 103, 400, 225
Line: 0, #00FF00, 183, 216, 333, 216
Line: 0, #00FF00, 333, 216, 358, 159
Line: 0, #00FF00, 358, 159, 409, 272
Line: 0, #00FF00, 409, 272, 434, 216
Line: 0, #00FF00, 434, 216, 584, 216
RectFull: 1, #000000, 480, 103, 39, 225
Time: 16126, 16159
RectFull: -1, #000000, 185, 104, 396, 223
Line: 0, #00FF00, 185, 216, 334, 216
Line: 0, #00FF00, 334, 216, 359, 160
Line: 0, #00FF00, 359, 160, 408, 271
Line: 0, #00FF00, 408, 271, 433, 216
Line: 0, #00FF00, 433, 216, 582, 216
RectFull: 1, #000000, 496, 104, 38, 223
Time: 16159, 16192
RectFull: -1, #000000, 187, 105, 393, 221
Line: 0, #00FF00, 187, 216, 334, 216
Line: 0, #00FF00, 334, 216, 359, 160
Line: 0, #00FF00, 359, 160, 408, 271
Line: 0, #00FF00, 408, 271, 433, 216
Line: 0, #00FF00, 433, 216, 580, 216
RectFull: 1, #000000, 512, 105, 38, 221
Time: 16192, 16225
RectFull: -1, #000000, 189, 106, 389, 219
Line: 0, #00FF00, 189, 216, 335, 216
Line: 0, #00FF00, 335, 216, 359, 161
Line: 0, #00FF00, 359, 161, 408, 270
Line: 0, #00FF00, 408, 270, 432, 216
Line: 0, #00FF00, 432, 216, 578, 216
RectFull: 1, #000000, 527, 106, 38, 219
Time: 16225, 16258
RectFull: -1, #000000, 190, 107, 386, 217
Line: 0, #00FF00, 190, 216, 335, 216
Line: 0, #00FF00, 335, 216, 359, 161
Line: 0, #00FF00, 359, 161, 408, 270
Line: 0, #00FF00, 408, 270, 432, 216
Line: 0, #00FF00, 432, 216, 577, 216
RectFull: 1, #000000, 542, 107, 35, 217
Time: 16258, 16291
RectFull: -1, #000000, 192, 108, 383, 215
Line: 0, #00FF00, 192, 216, 336, 216
Line: 0, #00FF00, 336, 216, 360, 162
Line: 0, #00FF00, 360, 162, 407, 269
Line: 0, #00FF00, 407, 269, 431, 216
Line: 0, #00FF00, 431, 216, 575, 216
RectFull: 1, #000000, 556, 108, 19, 215
Time: 16291, 16324
RectFull: -1, #000000, 194, 109, 379, 213
Line: 0, #00FF00, 194, 216, 336, 216
Line: 0, #00FF00, 336, 216, 360, 162
Line: 0, #00FF00, 360, 162, 407, 269
Line: 0, #00FF00, 407, 269, 431, 216
Line: 0, #00FF00, 431, 216, 573, 216
RectFull: 1, #000000, 570, 109, 3, 213
Time: 16324, 16357
RectFull: -1, #000000, 195, 110, 376, 211
Line: 0, #00FF00, 195, 216, 336, 216
Line: 0, #00FF00, 336, 216, 360, 163
Line: 0, #00FF00, 360, 163, 407, 268
Line: 0, #00FF00, 407, 268, 431, 216
Line: 0, #00FF00, 431, 216, 572, 216
Time: 16357, 16390
RectFull: -1, #000000, 197, 111, 373, 209
Line: 0, #00FF00, 197, 216, 337, 216
Line: 0, #00FF00, 337, 216, 360, 163
Line: 0, #00FF00, 360, 163, 407, 268
Line: 0, #00FF00, 407, 268, 430, 216
Line: 0, #00FF00, 430, 216, 570, 216
Time: 16390, 16423
RectFull: -1, #000000, 199, 112, 369, 207
Line: 0, #00FF00, 199, 216, 337, 216
Line: 0, #00FF00, 337, 216, 360, 164
Line: 0, #00FF00, 360, 164, 407, 267
Line: 0, #00FF00, 407, 267, 430, 216
Line: 0, #00FF00, 430, 216, 568, 216
Time: 16400, 16433
RectFull: -1, #000000, 199, 112, 368, 207
Line: 0, #00FF00, 199, 216, 337, 216
Line: 0, #00FF00, 337, 216, 360, 164
Line: 0, #00FF00, 360, 164, 407, 267
Line: 0, #00FF00, 407, 267, 430, 216
Line: 0, #00FF00, 430, 216, 568, 216
Time: 16433, 16466
RectFull: -1, #000000, 201, 113, 365, 205
Line: 0, #00FF00, 201, 216, 338, 216
Line: 0, #00FF00, 338, 216, 361, 164
Line: 0, #00FF00, 361, 164, 406, 267
Line: 0, #00FF00, 406, 267, 429, 216
Line: 0, #00FF00, 429, 216, 566, 216
RectFull: 1, #000000, 201, 113, 3, 205
Time: 16466, 16499
RectFull: -1, #000000, 203, 114, 361, 203
Line: 0, #00FF00, 203, 216, 338, 216
Line: 0, #00FF00, 338, 216, 361, 165
Line: 0, #00FF00, 361, 165, 406, 266
Line: 0, #00FF00, 406, 266, 429, 216
Line: 0, #00FF00, 429, 216, 564, 216
RectFull: 1, #000000, 203, 114, 18, 203
Time: 16499, 16532
RectFull: -1, #000000, 204, 115, 358, 201
Line: 0, #00FF00, 204, 216, 339, 216
Line: 0, #00FF00, 339, 216, 361, 165
Line: 0, #00FF00, 361, 165, 406, 266
Line: 0, #00FF00, 406, 266, 428, 216
Line: 0, #00FF00, 428, 216, 563, 216
RectFull: 1, #000000, 204, 115, 33, 201
Time: 16532, 16565
RectFull: -1, #000000, 206, 116, 355, 199
Line: 0, #00FF00, 206, 216, 339, 216
Line: 0, #00FF00, 339, 216, 361, 166
Line: 0, #00FF00, 361, 166, 406, 265
Line: 0, #00FF00, 406, 265, 428, 216
Line: 0, #00FF00, 428, 216, 561, 216
RectFull: 1, #000000, 218, 116, 34, 199
Time: 16565, 16598
RectFull: -1, #000000, 208, 117, 351, 197
Line: 0, #00FF00, 208, 216, 340, 216
Line: 0, #00FF00, 340, 216, 362, 166
Line: 0, #00FF00, 362, 166, 405, 265
Line: 0, #00FF00, 405, 265, 427, 216
Line: 0, #00FF00, 427, 216, 559, 216
RectFull: 1, #000000, 235, 117, 34, 197
Time: 16598, 16631
RectFull: -1, #000000, 209, 118, 348, 195
Line: 0, #00FF00, 209, 216, 340, 216
Line: 0, #00FF00, 340, 216, 362, 167
Line: 0, #00FF00, 362, 167, 405, 264
Line: 0, #00FF00, 405, 264, 427, 216
Line: 0, #00FF00, 427, 216, 558, 216
RectFull: 1, #000000, 251, 118, 34, 195
Time: 16631, 16664
RectFull: -1, #000000, 211, 118, 344, 194
Line: 0, #00FF00, 211, 216, 340, 216
Line: 0, #00FF00, 340, 216, 362, 167
Line: 0, #00FF00, 362, 167, 405, 264
Line: 0, #00FF00, 405, 264, 427, 216
Line: 0, #00FF00, 427, 216, 556, 216
RectFull: 1, #000000, 266, 118, 33, 194
Time: 16664, 16697
RectFull: -1, #000000, 213, 119, 341, 192
Line: 0, #00FF00, 213, 216, 341, 216
Line: 0, #00FF00, 341, 216, 362, 167
Line: 0, #00FF00, 362, 167, 405, 264
Line: 0, #00FF00, 405, 264, 426, 216
Line: 0, #00FF00, 426, 216, 554, 216
RectFull: 1, #000000, 282, 119, 33, 192
Time: 16697, 16730
RectFull: -1, #000000, 214, 120, 338, 190
Line: 0, #00FF00, 214, 216, 341, 216
Line: 0, #00FF00, 341, 216, 362, 168
Line: 0, #00FF00, 362, 168, 405, 263
Line: 0, #00FF00, 405, 263, 426, 216
Line: 0, #00FF00, 426, 216, 553, 216
RectFull: 1, #000000, 297, 120, 33, 190
Time: 16730, 16763
RectFull: -1, #000000, 216, 121, 334, 188
Line: 0, #00FF00, 216, 216, 342, 216
Line: 0, #00FF00, 342, 216, 363, 168
Line: 0, #00FF00, 363, 168, 404, 263
Line: 0, #00FF00, 404, 263, 425, 216
Line: 0, #00FF00, 425, 216, 551, 216
RectFull: 1, #000000, 312, 121, 32, 188
Time: 16763, 16796
RectFull: -1, #000000, 218, 122, 331, 186
Line: 0, #00FF00, 218, 216, 342, 216
Line: 0, #00FF00, 342, 216, 363, 169
Line: 0, #00FF00, 363, 169, 404, 262
Line: 0, #00FF00, 404, 262, 425, 216
Line: 0, #00FF00, 425, 216, 549, 216
RectFull: 1, #000000, 326, 122, 32, 186
Time: 16796, 16829
RectFull: -1, #000000, 219, 123, 328, 184
Line: 0, #00FF00, 219, 216, 342, 216
Line: 0, #00FF00, 342, 216, 363, 169
Line: 0, #00FF00, 363, 169, 404, 262
Line: 0, #00FF00, 404, 262, 425, 216
Line: 0, #00FF00, 425, 216, 548, 216
RectFull: 1, #000000, 340, 123, 32, 184
Time: 16829, 16862
RectFull: -1, #000000, 221, 124, 324, 182
Line: 0, #00FF00, 221, 216, 343, 216
Line: 0, #00FF00, 343, 216, 363, 170
Line: 0, #00FF00, 363, 170, 404, 261
Line: 0, #00FF00, 404, 261, 424, 216
Line: 0, #00FF00, 424, 216, 546, 216
RectFull: 1, #000000, 354, 124, 31, 182
Time: 16862, 16895
RectFull: -1, #000000, 223, 125, 321, 180
Line: 0, #00FF00, 223, 216, 343, 216
Line: 0, #00FF00, 343, 216, 363, 170
Line: 0, #00FF00, 363, 170, 404, 261
Line: 0, #00FF00, 404, 261, 424, 216
Line: 0, #00FF00, 424, 216, 544, 216
RectFull: 1, #000000, 368, 125, 31, 180
Time: 16895, 16928
RectFull: -1, #000000, 225, 126, 317, 178
Line: 0, #00FF00, 225, 216, 344, 216
Line: 0, #00FF00, 344, 216, 364, 171
Line: 0, #00FF00, 364, 171, 403, 260
Line: 0, #00FF00, 403, 260, 423, 216
Line: 0, #00FF00, 423, 216, 542, 216
RectFull: 1, #000000, 381, 126, 31, 178
Time: 16928, 16961
RectFull: -1, #000000, 226, 127, 314, 176
Line: 0, #00FF00, 226, 216, 344, 216
Line: 0, #00FF00, 344, 216, 364, 171
Line: 0, #00FF00, 364, 171, 403, 260
Line: 0, #00FF00, 403, 260, 423, 216
Line: 0, #00FF00, 423, 216, 541, 216
RectFull: 1, #000000, 395, 127, 30, 176
Time: 16961, 16994
RectFull: -1, #000000, 228, 128, 311, 175
Line: 0, #00FF00, 228, 216, 345, 216
Line: 0, #00FF00, 345, 216, 364, 172
Line: 0, #00FF00, 364, 172, 403, 259
Line: 0, #00FF00, 403, 259, 422, 216
Line: 0, #00FF00, 422, 216, 539, 216
RectFull: 1, #000000, 407, 128, 30, 175
Time: 16994, 17027
RectFull: -1, #000000, 230, 129, 307, 173
Line: 0, #00FF00, 230, 216, 345, 216
Line: 0, #00FF00, 345, 216, 364, 172
Line: 0, #00FF00, 364, 172, 403, 259
Line: 0, #00FF00, 403, 259, 422, 216
Line: 0, #00FF00, 422, 216, 537, 216
RectFull: 1, #000000, 420, 129, 30, 173
Time: 17027, 17060
RectFull: -1, #000000, 231, 130, 304, 171
Line: 0, #00FF00, 231, 216, 345, 216
Line: 0, #00FF00, 345, 216, 364, 173
Line: 0, #00FF00, 364, 173, 403, 258
Line: 0, #00FF00, 403, 258, 422, 216
Line: 0, #00FF00, 422, 216, 536, 216
RectFull: 1, #000000, 432, 130, 29, 171
Time: 17060, 17093
RectFull: -1, #000000, 233, 131, 301, 169
Line: 0, #00FF00, 233, 216, 346, 216
Line: 0, #00FF00, 346, 216, 365, 173
Line: 0, #00FF00, 365, 173, 402, 258
Line: 0, #00FF00, 402, 258, 421, 216
Line: 0, #00FF00, 421, 216, 534, 216
RectFull: 1, #000000, 444, 131, 29, 169
Time: 17093, 17126
RectFull: -1, #000000, 235, 132, 297, 167
Line: 0, #00FF00, 235, 216, 346, 216
Line: 0, #00FF00, 346, 216, 365, 174
Line: 0, #00FF00, 365, 174, 402, 257
Line: 0, #00FF00, 402, 257, 421, 216
Line: 0, #00FF00, 421, 216, 532, 216
RectFull: 1, #000000, 456, 132, 29, 167
Time: 17126, 17159
RectFull: -1, #000000, 236, 133, 294, 165
Line: 0, #00FF00, 236, 216, 347, 216
Line: 0, #00FF00, 347, 216, 365, 174
Line: 0, #00FF00, 365, 174, 402, 257
Line: 0, #00FF00, 402, 257, 420, 216
Line: 0, #00FF00, 420, 216, 531, 216
RectFull: 1, #000000, 467, 133, 28, 165
Time: 17159, 17192
RectFull: -1, #000000, 238, 134, 290, 163
Line: 0, #00FF00, 238, 216, 347, 216
Line: 0, #00FF00, 347, 216, 365, 175
Line: 0, #00FF00, 365, 175, 402, 256
Line: 0, #00FF00, 402, 256, 420, 216
Line: 0, #00FF00, 420, 216, 529, 216
RectFull: 1, #000000, 478, 134, 28, 163
Time: 17192, 17225
RectFull: -1, #000000, 240, 135, 287, 161
Line: 0, #00FF00, 240, 216, 348, 216
Line: 0, #00FF00, 348, 216, 366, 175
Line: 0, #00FF00, 366, 175, 401, 256
Line: 0, #00FF00, 401, 256, 419, 216
Line: 0, #00FF00, 419, 216, 527, 216
RectFull: 1, #000000, 489, 135, 28, 161
Time: 17225, 17258
RectFull: -1, #000000, 241, 136, 284, 159
Line: 0, #00FF00, 241, 216, 348, 216
Line: 0, #00FF00, 348, 216, 366, 176
Line: 0, #00FF00, 366, 176, 401, 255
Line: 0, #00FF00, 401, 255, 419, 216
Line: 0, #00FF00, 419, 216, 526, 216
RectFull: 1, #000000, 500, 136, 26, 159
Time: 17258, 17291
RectFull: -1, #000000, 243, 137, 280, 157
Line: 0, #00FF00, 243, 216, 348, 216
Line: 0, #00FF00, 348, 216, 366, 176
Line: 0, #00FF00, 366, 176, 401, 255
Line: 0, #00FF00, 401, 255, 419, 216
Line: 0, #00FF00, 419, 216, 524, 216
RectFull: 1, #000000, 510, 137, 14, 157
Time: 17291, 17324
RectFull: -1, #000000, 245, 137, 277, 156
Line: 0, #00FF00, 245, 216, 349, 216
Line: 0, #00FF00, 349, 216, 366, 176
Line: 0, #00FF00, 366, 176, 401, 255
Line: 0, #00FF00, 401, 255, 418, 216
Line: 0, #00FF00, 418, 216, 522, 216
RectFull: 1, #000000, 520, 137, 2, 156
Time: 17324, 17357
RectFull: -1, #000000, 246, 138, 274, 154
Line: 0, #00FF00, 246, 216, 349, 216
Line: 0, #00FF00, 349, 216, 366, 177
Line: 0, #00FF00, 366, 177, 401, 254
Line: 0, #00FF00, 401, 254, 418, 216
Line: 0, #00FF00, 418, 216, 521, 216
Time: 17357, 17390
RectFull: -1, #000000, 248, 139, 270, 152
Line: 0, #00FF00, 248, 216, 350, 216
Line: 0, #00FF00, 350, 216, 367, 177
Line: 0, #00FF00, 367, 177, 400, 254
Line: 0, #00FF00, 400, 254, 417, 216
Line: 0, #00FF00, 417, 216, 519, 216
Time: 17390, 17423
RectFull: -1, #000000, 250, 140, 267, 150
Line: 0, #00FF00, 250, 216, 350, 216
Line: 0, #00FF00, 350, 216, 367, 178
Line: 0, #00FF00, 367, 178, 400, 253
Line: 0, #00FF00, 400, 253, 417, 216
Line: 0, #00FF00, 417, 216, 517, 216
Time: 17400, 17433
RectFull: -1, #000000, 250, 141, 266, 149
Line: 0, #00FF00, 250, 216, 350, 216
Line: 0, #00FF00, 350, 216, 367, 178
Line: 0, #00FF00, 367, 178, 400, 253
Line: 0, #00FF00, 400, 253, 417, 216
Line: 0, #00FF00, 417, 216, 517, 216
Time: 17433, 17466
RectFull: -1, #000000, 252, 142, 262, 147
Line: 0, #00FF00, 252, 216, 351, 216
Line: 0, #00FF00, 351, 216, 367, 179
Line: 0, #00FF00, 367, 179, 400, 252
Line: 0, #00FF00, 400, 252, 416, 216
Line: 0, #00FF00, 416, 216, 515, 216
RectFull: 1, #000000, 252, 142, 2, 147
Time: 17466, 17499
RectFull: -1, #000000, 254, 143, 259, 145
Line: 0, #00FF00, 254, 216, 351, 216
Line: 0, #00FF00, 351, 216, 367, 179
Line: 0, #00FF00, 367, 179, 400, 252
Line: 0, #00FF00, 400, 252, 416, 216
Line: 0, #00FF00, 416, 216, 513, 216
RectFull: 1, #000000, 254, 143, 13, 145
Time: 17499, 17532
RectFull: -1, #000000, 255, 143, 256, 144
Line: 0, #00FF00, 255, 216, 351, 216
Line: 0, #00FF00, 351, 216, 367, 179
Line: 0, #00FF00, 367, 179, 400, 252
Line: 0, #00FF00, 400, 252, 416, 216
Line: 0, #00FF00, 416, 216, 512, 216
RectFull: 1, #000000, 255, 143, 24, 144
Time: 17532, 17565
RectFull: -1, #000000, 257, 144, 252, 142
Line: 0, #00FF00, 257, 216, 352, 216
Line: 0, #00FF00, 352, 216, 368, 180
Line: 0, #00FF00, 368, 180, 399, 251
Line: 0, #00FF00, 399, 251, 415, 216
Line: 0, #00FF00, 415, 216, 510, 216
RectFull: 1, #000000, 266, 144, 24, 142
Time: 17565, 17598
RectFull: -1, #000000, 259, 145, 249, 140
Line: 0, #00FF00, 259, 216, 352, 216
Line: 0, #00FF00, 352, 216, 368, 180
Line: 0, #00FF00, 368, 180, 399, 251
Line: 0, #00FF00, 399, 251, 415, 216
Line: 0, #00FF00, 415, 216, 508, 216
RectFull: 1, #000000, 278, 145, 24, 140
Time: 17598, 17631
RectFull: -1, #000000, 261, 146, 245, 138
Line: 0, #00FF00, 261, 216, 353, 216
Line: 0, #00FF00, 353, 216, 368, 181
Line: 0, #00FF00, 368, 181, 399, 250
Line: 0, #00FF00, 399, 250, 414, 216
Line: 0, #00FF00, 414, 216, 506, 216
RectFull: 1, #000000, 290, 146, 24, 138
Time: 17631, 17664
RectFull: -1, #000000, 262, 147, 242, 136
Line: 0, #00FF00, 262, 216, 353, 216
Line: 0, #00FF00, 353, 216, 368, 181
Line: 0, #00FF00, 368, 181, 399, 250
Line: 0, #00FF00, 399, 250, 414, 216
Line: 0, #00FF00, 414, 216, 505, 216
RectFull: 1, #000000, 301, 147, 23, 136
Time: 17664, 17697
RectFull: -1, #000000, 264, 148, 239, 134
Line: 0, #00FF00, 264, 216, 354, 216
Line: 0, #00FF00, 354, 216, 369, 182
Line: 0, #00FF00, 369, 182, 398, 249
Line: 0, #00FF00, 398, 249, 413, 216
Line: 0, #00FF00, 413, 216, 503, 216
RectFull: 1, #000000, 312, 148, 23, 134
Time: 17697, 17730
RectFull: -1, #000000, 266, 149, 235, 132
Line: 0, #00FF00, 266, 216, 354, 216
Line: 0, #00FF00, 354, 216, 369, 182
Line: 0, #00FF00, 369, 182, 398, 249
Line: 0, #00FF00, 398, 249, 413, 216
Line: 0, #00FF00, 413, 216, 501, 216
RectFull: 1, #000000, 323, 149, 23, 132
Time: 17730, 17763
RectFull: -1, #000000, 267, 150, 232, 130
Line: 0, #00FF00, 267, 216, 354, 216
Line: 0, #00FF00, 354, 216, 369, 183
Line: 0, #00FF00, 369, 183, 398, 248
Line: 0, #00FF00, 398, 248, 413, 216
Line: 0, #00FF00, 413, 216, 500, 216
RectFull: 1, #000000, 334, 150, 22, 130
Time: 17763, 17796
RectFull: -1, #000000, 269, 151, 229, 128
Line: 0, #00FF00, 269, 216, 355, 216
Line: 0, #00FF00, 355, 216, 369, 183
Line: 0, #00FF00, 369, 183, 398, 248
Line: 0, #00FF00, 398, 248, 412, 216
Line: 0, #00FF00, 412, 216, 498, 216
RectFull: 1, #000000, 344, 151, 22, 128
Time: 17796, 17829
RectFull: -1, #000000, 271, 152, 225, 126
Line: 0, #00FF00, 271, 216, 355, 216
Line: 0, #00FF00, 355, 216, 369, 184
Line: 0, #00FF00, 369, 184, 398, 247
Line: 0, #00FF00, 398, 247, 412, 216
Line: 0, #00FF00, 412, 216, 496, 216
RectFull: 1, #000000, 354, 152, 22, 126
Time: 17829, 17862
RectFull: -1, #000000, 272, 153, 222, 125
Line: 0, #00FF00, 272, 216, 356, 216
Line: 0, #00FF00, 356, 216, 370, 184
Line: 0, #00FF00, 370, 184, 397, 247
Line: 0, #00FF00, 397, 247, 411, 216
Line: 0, #00FF00, 411, 216, 495, 216
RectFull: 1, #000000, 364, 153, 21, 125
Time: 17862, 17895
RectFull: -1, #000000, 274, 154, 218, 123
Line: 0, #00FF00, 274, 216, 356, 216
Line: 0, #00FF00, 356, 216, 370, 185
Line: 0, #00FF00, 370, 185, 397, 246
Line: 0, #00FF00, 397, 246, 411, 216
Line: 0, #00FF00, 411, 216, 493, 216
RectFull: 1, #000000, 373, 154, 21, 123
Time: 17895, 17928
RectFull: -1, #000000, 276, 155, 215, 121
Line: 0, #00FF00, 276, 216, 357, 216
Line: 0, #00FF00, 357, 216, 370, 185
Line: 0, #00FF00, 370, 185, 397, 246
Line: 0, #00FF00, 397, 246, 410, 216
Line: 0, #00FF00, 410, 216, 491, 216
RectFull: 1, #000000, 382, 155, 21, 121
Time: 17928, 17961
RectFull: -1, #000000, 277, 156, 212, 119
Line: 0, #00FF00, 277, 216, 357, 216
Line: 0, #00FF00, 357, 216, 370, 186
Line: 0, #00FF00, 370, 186, 397, 245
Line: 0, #00FF00, 397, 245, 410, 216
Line: 0, #00FF00, 410, 216, 490, 216
RectFull: 1, #000000, 391, 156, 20, 119
Time: 17961, 17994
RectFull: -1, #000000, 279, 157, 208, 117
Line: 0, #00FF00, 279, 216, 357, 216
Line: 0, #00FF00, 357, 216, 370, 186
Line: 0, #00FF00, 370, 186, 397, 245
Line: 0, #00FF00, 397, 245, 410, 216
Line: 0, #00FF00, 410, 216, 488, 216
RectFull: 1, #000000, 400, 157, 20, 117
Time: 17994, 18027
RectFull: -1, #000000, 281, 158, 205, 115
Line: 0, #00FF00, 281, 216, 358, 216
Line: 0, #00FF00, 358, 216, 371, 187
Line: 0, #00FF00, 371, 187, 396, 244
Line: 0, #00FF00, 396, 244, 409, 216
Line: 0, #00FF00, 409, 216, 486, 216
RectFull: 1, #000000, 408, 158, 20, 115
Time: 18027, 18060
RectFull: -1, #000000, 282, 159, 202, 113
Line: 0, #00FF00, 282, 216, 358, 216
Line: 0, #00FF00, 358, 216, 371, 187
Line: 0, #00FF00, 371, 187, 396, 244
Line: 0, #00FF00, 396, 244, 409, 216
Line: 0, #00FF00, 409, 216, 485, 216
RectFull: 1, #000000, 416, 159, 19, 113
Time: 18060, 18093
RectFull: -1, #000000, 284, 160, 198, 111
Line: 0, #00FF00, 284, 216, 359, 216
Line: 0, #00FF00, 359, 216, 371, 188
Line: 0, #00FF00, 371, 188, 396, 243
Line: 0, #00FF00, 396, 243, 408, 216
Line: 0, #00FF00, 408, 216, 483, 216
RectFull: 1, #000000, 423, 160, 19, 111
Time: 18093, 18126
RectFull: -1, #000000, 286, 161, 195, 109
Line: 0, #00FF00, 286, 216, 359, 216
Line: 0, #00FF00, 359, 216, 371, 188
Line: 0, #00FF00, 371, 188, 396, 243
Line: 0, #00FF00, 396, 243, 408, 216
Line: 0, #00FF00, 408, 216, 481, 216
RectFull: 1, #000000, 431, 161, 19, 109
Time: 18126, 18159
RectFull: -1, #000000, 288, 162, 191, 107
Line: 0, #00FF00, 288, 216, 360, 216
Line: 0, #00FF00, 360, 216, 372, 189
Line: 0, #00FF00, 372, 189, 395, 242
Line: 0, #00FF00, 395, 242, 407, 216
Line: 0, #00FF00, 407, 216, 479, 216
RectFull: 1, #000000, 438, 162, 18, 107
Time: 18159, 18192
RectFull: -1, #000000, 289, 162, 188, 106
Line: 0, #00FF00, 289, 216, 360, 216
Line: 0, #00FF00, 360, 216, 372, 189
Line: 0, #00FF00, 372, 189, 395, 242
Line: 0, #00FF00, 395, 242, 407, 216
Line: 0, #00FF00, 407, 216, 478, 216
RectFull: 1, #000000, 445, 162, 18, 106
Time: 18192, 18225
RectFull: -1, #000000, 291, 163, 185, 104
Line: 0, #00FF00, 291, 216, 360, 216
Line: 0, #00FF00, 360, 216, 372, 189
Line: 0, #00FF00, 372, 189, 395, 242
Line: 0, #00FF00, 395, 242, 407, 216
Line: 0, #00FF00, 407, 216, 476, 216
RectFull: 1, #000000, 451, 163, 18, 104
Time: 18225, 18258
RectFull: -1, #000000, 293, 164, 181, 102
Line: 0, #00FF00, 293, 216, 361, 216
Line: 0, #00FF00, 361, 216, 372, 190
Line: 0, #00FF00, 372, 190, 395, 241
Line: 0, #00FF00, 395, 241, 406, 216
Line: 0, #00FF00, 406, 216, 474, 216
RectFull: 1, #000000, 458, 164, 16, 102
Time: 18258, 18291
RectFull: -1, #000000, 294, 165, 178, 100
Line: 0, #00FF00, 294, 216, 361, 216
Line: 0, #00FF00, 361, 216, 372, 190
Line: 0, #00FF00, 372, 190, 395, 241
Line: 0, #00FF00, 395, 241, 406, 216
Line: 0, #00FF00, 406, 216, 473, 216
RectFull: 1, #000000, 464, 165, 9, 100
Time: 18291, 18324
RectFull: -1, #000000, 296, 166, 175, 98
Line: 0, #00FF00, 296, 216, 362, 216
Line: 0, #00FF00, 362, 216, 373, 191
Line: 0, #00FF00, 373, 191, 394, 240
Line: 0, #00FF00, 394, 240, 405, 216
Line: 0, #00FF00, 405, 216, 471, 216
RectFull: 1, #000000, 470, 166, 1, 98
Time: 18324, 18357
RectFull: -1, #000000, 298, 167, 171, 96
Line: 0, #00FF00, 298, 216, 362, 216
Line: 0, #00FF00, 362, 216, 373, 191
Line: 0, #00FF00, 373, 191, 394, 240
Line: 0, #00FF00, 394, 240, 405, 216
Line: 0, #00FF00, 405, 216, 469, 216
Time: 18357, 18390
RectFull: -1, #000000, 299, 168, 168, 94
Line: 0, #00FF00, 299, 216, 362, 216
Line: 0, #00FF00, 362, 216, 373, 192
Line: 0, #00FF00, 373, 192, 394, 239
Line: 0, #00FF00, 394, 239, 405, 216
Line: 0, #00FF00, 405, 216, 468, 216
Time: 18390, 18423
RectFull: -1, #000000, 301, 169, 164, 92
Line: 0, #00FF00, 301, 216, 363, 216
Line: 0, #00FF00, 363, 216, 373, 192
Line: 0, #00FF00, 373, 192, 394, 239
Line: 0, #00FF00, 394, 239, 404, 216
Line: 0, #00FF00, 404, 216, 466, 216
Time: 18400, 18433
RectFull: -1, #000000, 302, 169, 163, 92
Line: 0, #00FF00, 302, 216, 363, 216
Line: 0, #00FF00, 363, 216, 373, 192
Line: 0, #00FF00, 373, 192, 394, 239
Line: 0, #00FF00, 394, 239, 404, 216
Line: 0, #00FF00, 404, 216, 465, 216
Time: 18433, 18466
RectFull: -1, #000000, 303, 170, 160, 90
Line: 0, #00FF00, 303, 216, 363, 216
Line: 0, #00FF00, 363, 216, 373, 193
Line: 0, #00FF00, 373, 193, 394, 238
Line: 0, #00FF00, 394, 238, 404, 216
Line: 0, #00FF00, 404, 216, 464, 216
RectFull: 1, #000000, 303, 170, 1, 90
Time: 18466, 18499
RectFull: -1, #000000, 305, 171, 157, 88
Line: 0, #00FF00, 305, 216, 364, 216
Line: 0, #00FF00, 364, 216, 374, 193
Line: 0, #00FF00, 374, 193, 393, 238
Line: 0, #00FF00, 393, 238, 403, 216
Line: 0, #00FF00, 403, 216, 462, 216
RectFull: 1, #000000, 305, 171, 8, 88
Time: 18499, 18532
RectFull: -1, #000000, 307, 172, 153, 86
Line: 0, #00FF00, 307, 216, 364, 216
Line: 0, #00FF00, 364, 216, 374, 194
Line: 0, #00FF00, 374, 194, 393, 237
Line: 0, #00FF00, 393, 237, 403, 216
Line: 0, #00FF00, 403, 216, 460, 216
RectFull: 1, #000000, 307, 172, 14, 86
Time: 18532, 18565
RectFull: -1, #000000, 308, 173, 150, 84
Line: 0, #00FF00, 308, 216, 365, 216
Line: 0, #00FF00, 365, 216, 374, 194
Line: 0, #00FF00, 374, 194, 393, 237
Line: 0, #00FF00, 393, 237, 402, 216
Line: 0, #00FF00, 402, 216, 459, 216
RectFull: 1, #000000, 314, 173, 14, 84
Time: 18565, 18598
RectFull: -1, #000000, 310, 174, 146, 82
Line: 0, #00FF00, 310, 216, 365, 216
Line: 0, #00FF00, 365, 216, 374, 195
Line: 0, #00FF00, 374, 195, 393, 236
Line: 0, #00FF00, 393, 236, 402, 216
Line: 0, #00FF00, 402, 216, 457, 216
RectFull: 1, #000000, 321, 174, 14, 82
Time: 18598, 18631
RectFull: -1, #000000, 312, 175, 143, 80
Line: 0, #00FF00, 312, 216, 366, 216
Line: 0, #00FF00, 366, 216, 375, 195
Line: 0, #00FF00, 375, 195, 392, 236
Line: 0, #00FF00, 392, 236, 401, 216
Line: 0, #00FF00, 401, 216, 455, 216
RectFull: 1, #000000, 329, 175, 14, 80
Time: 18631, 18664
RectFull: -1, #000000, 313, 176, 140, 78
Line: 0, #00FF00, 313, 216, 366, 216
Line: 0, #00FF00, 366, 216, 375, 196
Line: 0, #00FF00, 375, 196, 392, 235
Line: 0, #00FF00, 392, 235, 401, 216
Line: 0, #00FF00, 401, 216, 454, 216
RectFull: 1, #000000, 336, 176, 13, 78
Time: 18664, 18697
RectFull: -1, #000000, 315, 177, 136, 76
Line: 0, #00FF00, 315, 216, 366, 216
Line: 0, #00FF00, 366, 216, 375, 196
Line: 0, #00FF00, 375, 196, 392, 235
Line: 0, #00FF00, 392, 235, 401, 216
Line: 0, #00FF00, 401, 216, 452, 216
RectFull: 1, #000000, 343, 177, 13, 76
Time: 18697, 18730
RectFull: -1, #000000, 317, 178, 133, 75
Line: 0, #00FF00, 317, 216, 367, 216
Line: 0, #00FF00, 367, 216, 375, 197
Line: 0, #00FF00, 375, 197, 392, 234
Line: 0, #00FF00, 392, 234, 400, 216
Line: 0, #00FF00, 400, 216, 450, 216
RectFull: 1, #000000, 349, 178, 13, 75
Time: 18730, 18763
RectFull: -1, #000000, 318, 179, 130, 73
Line: 0, #00FF00, 318, 216, 367, 216
Line: 0, #00FF00, 367, 216, 375, 197
Line: 0, #00FF00, 375, 197, 392, 234
Line: 0, #00FF00, 392, 234, 400, 216
Line: 0, #00FF00, 400, 216, 449, 216
RectFull: 1, #000000, 356, 179, 12, 73
Time: 18763, 18796
RectFull: -1, #000000, 320, 180, 126, 71
Line: 0, #00FF00, 320, 216, 368, 216
Line: 0, #00FF00, 368, 216, 376, 198
Line: 0, #00FF00, 376, 198, 391, 233
Line: 0, #00FF00, 391, 233, 399, 216
Line: 0, #00FF00, 399, 216, 447, 216
RectFull: 1, #000000, 362, 180, 12, 71
Time: 18796, 18829
RectFull: -1, #000000, 322, 181, 123, 69
Line: 0, #00FF00, 322, 216, 368, 216
Line: 0, #00FF00, 368, 216, 376, 198
Line: 0, #00FF00, 376, 198, 391, 233
Line: 0, #00FF00, 391, 233, 399, 216
Line: 0, #00FF00, 399, 216, 445, 216
RectFull: 1, #000000, 367, 181, 12, 69
Time: 18829, 18862
RectFull: -1, #000000, 324, 182, 119, 67
Line: 0, #00FF00, 324, 216, 369, 216
Line: 0, #00FF00, 369, 216, 376, 199
Line: 0, #00FF00, 376, 199, 391, 232
Line: 0, #00FF00, 391, 232, 398, 216
Line: 0, #00FF00, 398, 216, 443, 216
RectFull: 1, #000000, 373, 182, 11, 67
Time: 18862, 18895
RectFull: -1, #000000, 325, 183, 116, 65
Line: 0, #00FF00, 325, 216, 369, 216
Line: 0, #00FF00, 369, 216, 376, 199
Line: 0, #00FF00, 376, 199, 391, 232
Line: 0, #00FF00, 391, 232, 398, 216
Line: 0, #00FF00, 398, 216, 442, 216
RectFull: 1, #000000, 378, 183, 11, 65
Time: 18895, 18928
RectFull: -1, #000000, 327, 184, 113, 63
Line: 0, #00FF00, 327, 216, 369, 216
Line: 0, #00FF00, 369, 216, 376, 200
Line: 0, #00FF00, 376, 200, 391, 231
Line: 0, #00FF00, 391, 231, 398, 216
Line: 0, #00FF00, 398, 216, 440, 216
RectFull: 1, #000000, 383, 184, 11, 63
Time: 18928, 18961
RectFull: -1, #000000, 329, 185, 109, 61
Line: 0, #00FF00, 329, 216, 370, 216
Line: 0, #00FF00, 370, 216, 377, 200
Line: 0, #00FF00, 377, 200, 390, 231
Line: 0, #00FF00, 390, 231, 397, 216
Line: 0, #00FF00, 397, 216, 438, 216
RectFull: 1, #000000, 387, 185, 10, 61
Time: 18961, 18994
RectFull: -1, #000000, 330, 186, 106, 59
Line: 0, #00FF00, 330, 216, 370, 216
Line: 0, #00FF00, 370, 216, 377, 201
Line: 0, #00FF00, 377, 201, 390, 230
Line: 0, #00FF00, 390, 230, 397, 216
Line: 0, #00FF00, 397, 216, 437, 216
RectFull: 1, #000000, 392, 186, 10, 59
Time: 18994, 19027
RectFull: -1, #000000, 332, 187, 103, 57
Line: 0, #00FF00, 332, 216, 371, 216
Line: 0, #00FF00, 371, 216, 377, 201
Line: 0, #00FF00, 377, 201, 390, 230
Line: 0, #00FF00, 390, 230, 396, 216
Line: 0, #00FF00, 396, 216, 435, 216
RectFull: 1, #000000, 396, 187, 10, 57
Time: 19027, 19060
RectFull: -1, #000000, 334, 187, 99, 56
Line: 0, #00FF00, 334, 216, 371, 216
Line: 0, #00FF00, 371, 216, 377, 201
Line: 0, #00FF00, 377, 201, 390, 230
Line: 0, #00FF00, 390, 230, 396, 216
Line: 0, #00FF00, 396, 216, 433, 216
RectFull: 1, #000000, 399, 187, 9, 56
Time: 19060, 19093
RectFull: -1, #000000, 335, 188, 96, 54
Line: 0, #00FF00, 335, 216, 371, 216
Line: 0, #00FF00, 371, 216, 377, 202
Line: 0, #00FF00, 377, 202, 390, 229
Line: 0, #00FF00, 390, 229, 396, 216
Line: 0, #00FF00, 396, 216, 432, 216
RectFull: 1, #000000, 403, 188, 9, 54
Time: 19093, 19126
RectFull: -1, #000000, 337, 189, 92, 52
Line: 0, #00FF00, 337, 216, 372, 216
Line: 0, #00FF00, 372, 216, 378, 202
Line: 0, #00FF00, 378, 202, 389, 229
Line: 0, #00FF00, 389, 229, 395, 216
Line: 0, #00FF00, 395, 216, 430, 216
RectFull: 1, #000000, 406, 189, 9, 52
Time: 19126, 19159
RectFull: -1, #000000, 339, 190, 89, 50
Line: 0, #00FF00, 339, 216, 372, 216
Line: 0, #00FF00, 372, 216, 378, 203
Line: 0, #00FF00, 378, 203, 389, 228
Line: 0, #00FF00, 389, 228, 395, 216
Line: 0, #00FF00, 395, 216, 428, 216
RectFull: 1, #000000, 409, 190, 8, 50
Time: 19159, 19192
RectFull: -1, #000000, 340, 191, 86, 48
Line: 0, #00FF00, 340, 216, 373, 216
Line: 0, #00FF00, 373, 216, 378, 203
Line: 0, #00FF00, 378, 203, 389, 228
Line: 0, #00FF00, 389, 228, 394, 216
Line: 0, #00FF00, 394, 216, 427, 216
RectFull: 1, #000000, 412, 191, 8, 48
Time: 19192, 19225
RectFull: -1, #000000, 342, 192, 82, 46
Line: 0, #00FF00, 342, 216, 373, 216
Line: 0, #00FF00, 373, 216, 378, 204
Line: 0, #00FF00, 378, 204, 389, 227
Line: 0, #00FF00, 389, 227, 394, 216
Line: 0, #00FF00, 394, 216, 425, 216
RectFull: 1, #000000, 414, 192, 8, 46
Time: 19225, 19258
RectFull: -1, #000000, 344, 193, 79, 44
Line: 0, #00FF00, 344, 216, 374, 216
Line: 0, #00FF00, 374, 216, 379, 204
Line: 0, #00FF00, 379, 204, 388, 227
Line: 0, #00FF00, 388, 227, 393, 216
Line: 0, #00FF00, 393, 216, 423, 216
RectFull: 1, #000000, 416, 193, 7, 44
Time: 19258, 19291
RectFull: -1, #000000, 346, 194, 75, 42
Line: 0, #00FF00, 346, 216, 374, 216
Line: 0, #00FF00, 374, 216, 379, 205
Line: 0, #00FF00, 379, 205, 388, 226
Line: 0, #00FF00, 388, 226, 393, 216
Line: 0, #00FF00, 393, 216, 421, 216
RectFull: 1, #000000, 418, 194, 3, 42
Time: 19291, 19324
RectFull: -1, #000000, 347, 195, 72, 40
Line: 0, #00FF00, 347, 216, 374, 216
Line: 0, #00FF00, 374, 216, 379, 205
Line: 0, #00FF00, 379, 205, 388, 226
Line: 0, #00FF00, 388, 226, 393, 216
Line: 0, #00FF00, 393, 216, 420, 216
RectFull: 1, #000000, 419, 195, 1, 40
Time: 19324, 19357
RectFull: -1, #000000, 349, 196, 69, 38
Line: 0, #00FF00, 349, 216, 375, 216
Line: 0, #00FF00, 375, 216, 379, 206
Line: 0, #00FF00, 379, 206, 388, 225
Line: 0, #00FF00, 388, 225, 392, 216
Line: 0, #00FF00, 392, 216, 418, 216
Time: 19357, 19390
RectFull: -1, #000000, 351, 197, 65, 37
Line: 0, #00FF00, 351, 216, 375, 216
Line: 0, #00FF00, 375, 216, 379, 206
Line: 0, #00FF00, 379, 206, 388, 225
Line: 0, #00FF00, 388, 225, 392, 216
Line: 0, #00FF00, 392, 216, 416, 216
Time: 19390, 19423
RectFull: -1, #000000, 352, 198, 62, 35
Line: 0, #00FF00, 352, 216, 376, 216
Line: 0, #00FF00, 376, 216, 380, 207
Line: 0, #00FF00, 380, 207, 387, 224
Line: 0, #00FF00, 387, 224, 391, 216
Line: 0, #00FF00, 391, 216, 415, 216
